Date,Close,Volume,RSI,MACD,Signal,MACD_Hist,Upper_Band,Middle_Band,Lower_Band
2014-06-30,41.939998626708984,9322600,45.95661179876771,0.18879654817757086,0.24174442043054156,-0.05294787225297071,43.15275127666822,41.959499740600585,40.76624820453295
2014-07-01,41.83000183105469,5197700,42.307707157810356,0.15511413290897735,0.22441836292622874,-0.06930423001725139,43.135616838696926,41.98899974822998,40.84238265776303
2014-07-02,41.869998931884766,3579200,58.03816158334087,0.13014774570882537,0.2055642394827481,-0.07541649377392273,43.11284229296346,42.0209997177124,40.92915714246134
2014-07-03,42.38999938964844,5819600,61.691546065398455,0.15058553874160197,0.19456849933451886,-0.0439829605929169,43.12268590822342,42.075999641418456,41.029313374613494
2014-07-07,42.619998931884766,5212400,60.41130172652191,0.18322952196571407,0.19230070386075793,-0.009071181895043856,43.15870289322921,42.13749961853027,41.11629634383133
2014-07-08,42.709999084472656,5145000,63.37663933289208,0.2138967059293293,0.19661990427447223,0.017276801654857066,43.212568395633426,42.19249954223633,41.17243068883923
2014-07-09,42.79999923706055,5904300,56.88076070129922,0.24266563196561464,0.20582904981270073,0.03683658215291391,43.268983715215555,42.2149995803833,41.161015445551044
2014-07-10,42.95000076293945,7554700,47.77779190632211,0.2744059022127061,0.21954442029270183,0.054861481920004285,43.325540197212234,42.232999610900876,41.14045902458952
2014-07-11,43.43000030517578,9915900,54.95210899575751,0.33443706429736153,0.24252294909363378,0.09191411520372775,43.4609590083753,42.34049968719482,41.220040366014345
2014-07-14,43.349998474121094,8341300,61.87052235375481,0.37127686499981394,0.26827373227486984,0.1030031327249441,43.56023468365798,42.435499572753905,41.31076446184983
2014-07-15,41.7599983215332,18024000,42.67988970494274,0.2690712623237843,0.26843323828465276,0.0006380240391315462,43.56379485596257,42.43299942016601,41.302203984369456
2014-07-16,41.81999969482422,7922300,47.214863773700216,0.1907157428563906,0.2528897391990004,-0.06217399634260978,43.55275774648068,42.439999389648435,41.32724103281619
2014-07-17,41.58000183105469,6506800,45.876289673371225,0.10800756333928518,0.22391330402705734,-0.11590574068777215,43.57878000146219,42.401499557495114,41.22421911352804
2014-07-18,42.16999816894531,6800500,53.98632267707093,0.089042087101042,0.19693906064185426,-0.10789697354081226,43.494332068069454,42.35649948120117,41.218666894332884
2014-07-21,42.0099983215332,8636800,50.7900655819016,0.06040485051568112,0.16963221861661965,-0.10922736810093853,43.38923083131143,42.30099945068359,41.21276807005575
2014-07-22,41.93000030517578,8835500,51.13634787312993,0.030898286638063155,0.14188543222090835,-0.1109871455828452,43.347106340284455,42.262999534606934,41.17889272892941
2014-07-23,41.720001220703125,6523500,48.358885706725474,-0.009323572558905369,0.11164363126494561,-0.12096720382385098,43.34126963060339,42.231499671936035,41.12172971326868
2014-07-24,42.040000915527344,6824500,45.99543632503701,-0.015203132484401749,0.08627427851507614,-0.1014774109994779,43.34139635511337,42.23199977874756,41.12260320238175
2014-07-25,41.7400016784668,4829600,40.090109440699436,-0.04356793330283182,0.060305836151494555,-0.10387376945432637,43.34571585145068,42.22399978637695,41.10228372130322
2014-07-28,41.650001525878906,4501800,38.063076608489595,-0.07247406653450383,0.033749855614294874,-0.10622392214879871,43.35257700633893,42.21549987792969,41.07842274952044
2014-07-29,41.540000915527344,8603900,35.87444329737308,-0.10307038409125369,0.006385807673185161,-0.10945619176443885,43.36654396036212,42.19549999237061,41.02445602437909
2014-07-30,41.119998931884766,7223700,30.65535429133668,-0.15937169843236632,-0.026765693547925132,-0.1326060048844412,43.41754903451698,42.15999984741211,40.90245066030724
2014-07-31,40.599998474121094,7194000,20.335389699190515,-0.24314773110319265,-0.07004210105897864,-0.17310563004421403,43.53145084118072,42.096499824523924,40.66154880786713
2014-08-01,40.5,6192600,20.250496150256282,-0.31399039587656574,-0.11883176002249606,-0.19515863585406967,43.595718829562486,42.001999855041504,40.40828088052052
2014-08-04,40.72999954223633,6302200,34.98540847376195,-0.3475681282029299,-0.16457903365858284,-0.1829890945443471,43.56959576337232,41.90749988555908,40.24540400774585
2014-08-05,40.56999969482422,4395800,32.294573174289965,-0.3826780985860623,-0.20819884664407873,-0.17447925194198355,43.51962422100525,41.80049991607666,40.08137561114807
2014-08-06,41.43000030517578,7964000,48.19275004228345,-0.33722086887430436,-0.23400325109012388,-0.10321761778418048,43.3915827325441,41.73199996948242,40.072417206420745
2014-08-07,41.150001525878906,7828400,36.71878104411543,-0.3200993423047436,-0.2512224693330478,-0.06887687297169576,43.2165152976702,41.64200000762939,40.067484717588584
2014-08-08,41.630001068115234,4407600,45.43272096379886,-0.2647466233347515,-0.25392730013338854,-0.010819323201362974,42.88315834163999,41.55200004577637,40.22084174991274
2014-08-11,42.0099983215332,6134700,50.89683969957944,-0.18804888172280698,-0.24075161645127224,0.05270273472846526,42.54171794532247,41.48500003814697,40.428282130971475
2014-08-12,41.959999084472656,3843500,52.7906758053899,-0.1298035944507845,-0.2185620120511747,0.08875841760039022,42.566359322718945,41.49500007629395,40.42364082986895
2014-08-13,42.06999969482422,3724800,50.36673357160445,-0.07391560166601607,-0.189632729974143,0.11571712830812692,42.60044157567139,41.507500076293944,40.4145585769165
2014-08-14,42.2599983215332,2976900,56.5326281567133,-0.014129784086740926,-0.15453214079666258,0.14040235670992166,42.68507257296915,41.54149990081787,40.39792722866659
2014-08-15,42.20000076293945,4737300,56.962027761386885,0.02808584933212188,-0.1180085427709057,0.14609439210302758,42.69011733034506,41.543000030517575,40.39588273069009
2014-08-18,42.5,3987100,61.59421491715456,0.08477227221120387,-0.07745237977448378,0.16222465198568764,42.775907280786626,41.56750011444092,40.35909294809521
2014-08-19,42.70000076293945,4320700,70.15313321694586,0.14417312282432704,-0.03312727925472162,0.17730040207904865,42.90844187044574,41.606000137329104,40.30355840421247
2014-08-20,42.459999084472656,4538600,75.54951676898602,0.16992381920677957,0.00748294043757862,0.16244087876920094,42.999979791183534,41.64300003051758,40.28602026985162
2014-08-21,42.58000183105469,4830000,78.4153563619005,0.1977352811231512,0.04553340857469314,0.15220187254845807,43.08066654503496,41.670000076293945,40.25933360755293
2014-08-22,42.59000015258789,3796900,77.03493336467895,0.2180690814235433,0.08004054314446318,0.13802853827908013,43.182034799603514,41.7125,40.24296520039648
2014-08-25,42.77000045776367,3278700,81.79196200291726,0.24587400251139258,0.11320723501784906,0.1326667674935435,43.31152914664192,41.76849994659424,40.22547074654656
2014-08-26,42.86000061035156,4468100,76.57998258566067,0.27203600126231464,0.14497298826674218,0.12706301299557246,43.44770222001903,41.83449993133545,40.22129764265187
2014-08-27,42.81999969482422,3489300,84.08163773721219,0.2862422121360737,0.17322683304060849,0.11301537909546522,43.55320423254369,41.91949996948242,40.285795706421155
2014-08-28,42.90999984741211,3195500,81.06796835649314,0.3012899141708303,0.19883944926665284,0.10245046490417745,43.60114859503315,42.035000038146975,40.4688514812608
2014-08-29,43.08000183105469,3645300,78.91897799231701,0.3232073328171765,0.2237130259767576,0.0994943068404189,43.61885655909897,42.16400012969971,40.709143700300444
2014-09-02,43.189998626708984,4573300,82.19894346857868,0.3454704982724337,0.24806452043589283,0.09740597783654087,43.644057256013014,42.28700008392334,40.92994291183366
2014-09-03,43.220001220703125,3497000,81.42077527911883,0.36136953285631535,0.27072552291997737,0.09064400993633798,43.57288375735797,42.41950016021728,41.266116563076594
2014-09-04,43.13999938964844,4583100,75.58135150779904,0.3633259576700212,0.28924560986998615,0.07408034780003503,43.601664868018915,42.50500011444092,41.40833536086292
2014-09-05,43.38999938964844,4949600,81.15167456565547,0.3806613223227018,0.3075287523605293,0.07313256996217249,43.58043930010897,42.61700000762939,41.653560715149816
2014-09-08,43.4900016784668,6454800,78.94723926927804,0.39788253051958833,0.3255995079923411,0.07228302252724722,43.63041269514858,42.71000003814697,41.78958738114537
2014-09-09,43.650001525878906,8571300,78.44297288839448,0.4196041768432508,0.34440044176252305,0.07520373508072775,43.74158484986242,42.792000198364256,41.84241554686609
2014-09-10,43.86000061035156,8282400,92.68279067170948,0.44859281045256694,0.36523891550053184,0.0833538949520351,43.865831590246245,42.887000274658206,41.90816895907017
2014-09-11,43.189998626708984,6328700,63.9268276963649,0.412745082414844,0.3747401488833943,0.03800493353144968,43.85058512629152,42.94300022125244,42.03541531621336
2014-09-12,43.15999984741211,7312900,62.89588152035074,0.37756254292668245,0.3753046276920519,0.0022579152346305364,43.840577976021834,42.988000297546385,42.13542261907094
2014-09-15,44.27000045776367,11428100,73.8852969261384,0.4342422254306513,0.3870921472397718,0.04715007819087946,44.0386352998556,43.0915002822876,42.144365264719596
2014-09-16,44.36000061035156,6636800,73.8852969261384,0.4808802540897048,0.4058497686097584,0.0750304854799464,44.245512531294104,43.18450031280518,42.12348809431625
2014-09-17,44.61000061035156,6738100,76.71638289925573,0.5318829232204223,0.4310563995318912,0.10082652368853112,44.49067251693924,43.28000030517578,42.069328093412324
2014-09-18,44.7400016784668,4925100,76.99112156368506,0.5761513910987475,0.46007539784526247,0.116075993253485,44.70480457835888,43.39400043487549,42.08319629139209
2014-09-19,44.9900016784668,8048800,77.52157169696616,0.6242118557772258,0.49290268943165516,0.13130916634557066,44.9476204623641,43.51450042724609,42.08138039212808
2014-09-22,45.349998474121094,7470000,79.03221671552959,0.6834702336740719,0.5310161982801385,0.15245403539393343,45.23458289503238,43.65250034332276,42.07041779161313
2014-09-23,44.81999969482422,6335500,68.95732240871848,0.6798297982513404,0.5607789182743789,0.11905087997696151,45.361782217876225,43.755000305175784,42.14821839247534
2014-09-24,45.70000076293945,7610600,75.49801932121193,0.7394297725333061,0.5965090891261643,0.1429206834071418,45.664664595636665,43.897000312805176,42.129336029973686
2014-09-25,45.11000061035156,5678100,66.04478567951423,0.7306328197268854,0.6233338352463085,0.10729898448057695,45.782094074697035,44.01150035858154,42.24090664246605
2014-09-26,45.810001373291016,7870300,69.4630876778859,0.7712548369964978,0.6529180355963464,0.11833680140015135,46.019834294394954,44.15650043487549,42.293166575356025
2014-09-29,46.040000915527344,7477200,69.81757772368175,0.8126395167223563,0.6848623318215484,0.12777718490080792,46.274950894880334,44.30450038909912,42.3340498833179
2014-09-30,45.939998626708984,6343900,67.56754492738868,0.827825171340038,0.7134548997252463,0.11437027161479163,46.46800618150461,44.44200038909912,42.41599459669363
2014-10-01,45.77000045776367,7517300,73.80076293971086,0.8167277514085072,0.7341094700618986,0.08261828134660854,46.59265577573579,44.56950035095215,42.5463449261685
2014-10-02,45.470001220703125,8062900,70.29878673825874,0.7747941898002395,0.7422464140095669,0.032547775790672584,46.62932820624946,44.686000442504884,42.74267267876031
2014-10-03,46.189998626708984,7187900,68.11320591753625,0.7905463868563345,0.7519064085789204,0.038639978277414055,46.7796138073721,44.82600040435791,42.872387001343725
2014-10-06,46.5099983215332,6741400,69.4394183443647,0.8194058173351877,0.7654062903301739,0.05399952700501376,46.96241085098638,44.97700023651123,42.99158962203608
2014-10-07,46.04999923706055,6144600,62.54355504899632,0.7959834405463297,0.771521720373405,0.024461720172924695,47.03423714203952,45.09700012207031,43.1597631021011
2014-10-08,46.79999923706055,6551200,66.19496723315383,0.8283905990103761,0.7828954961007993,0.04549510290957681,47.231544062172325,45.24400005340576,43.2564560446392
2014-10-09,46.369998931884766,7887200,60.55044854819705,0.8100384555250457,0.7883240879856487,0.02171436753939704,47.19816343338365,45.403000068664554,43.60783670394546
2014-10-10,46.720001220703125,9347400,60.4900689332866,0.8143491985630718,0.7935291101011334,0.02082008846193839,47.128641208642804,45.5810001373291,44.03335906601539
2014-10-13,46.04999923706055,8658100,59.2203836314649,0.7549987769084012,0.785823043462587,-0.030824266554185797,47.10049402261525,45.670000076293945,44.23950612997264
2014-10-14,46.18000030517578,7133300,54.05404882939738,0.7102656397134197,0.7707115627127537,-0.060445922999333934,47.06672576028007,45.761000061035155,44.45527436179024
2014-10-15,45.529998779296875,14208400,53.51168840447506,0.615272141103496,0.7396236783909022,-0.12435153728740611,47.00213133271573,45.80699996948242,44.61186860624911
2014-10-16,45.16999816894531,10720000,44.3262159509717,0.5051173896163448,0.6927224206359907,-0.18760503101964587,46.956390347192354,45.82849979400635,44.70060924082034
2014-10-17,45.65999984741211,9306300,46.77965488012486,0.452145938846094,0.6446071242780114,-0.19246118543191737,46.922835469271355,45.861999702453616,44.80116393563588
2014-10-20,46.41999816894531,5280700,53.658532330424826,0.46611807641226477,0.6089093147048621,-0.14279123829259732,46.97553856962029,45.915499687194824,44.85546080476936
2014-10-21,47.02000045776367,5607300,58.941337751611556,0.5196164513751143,0.5910507420389126,-0.07143429066379836,47.063239486275904,46.025499725341795,44.98775996440769
2014-10-22,47.060001373291016,6445400,61.81276714897313,0.558800533836795,0.5846007003984891,-0.02580016656169415,47.21618986226393,46.093499755859376,44.97080964945482
2014-10-23,47.130001068115234,4893500,57.73027120698591,0.5887162375310666,0.5854238078250046,0.003292429706062028,47.30806223793818,46.194499778747556,45.08093731955693
2014-10-24,47.4900016784668,3669700,58.00654979916775,0.6341634473762241,0.5951717357352485,0.03899171164097559,47.51644950066878,46.27849979400635,45.040550087343924
2014-10-27,47.63999938964844,4350100,63.68328475784588,0.674508931225219,0.6110391748332427,0.06346975639197638,47.73103231267459,46.358499717712405,44.98596712275022
2014-10-28,47.529998779296875,6468900,57.05994376098937,0.6896569518626237,0.6267627302391189,0.06289422162350478,47.89033932996313,46.4379997253418,44.98566012072046
2014-10-29,47.56999969482422,7240000,62.55228238914457,0.6968566769412661,0.6407815195795483,0.05607515736171775,48.02833860334344,46.52799968719482,45.0276607710462
2014-10-30,47.5,7670800,58.66663840969779,0.6889720793167129,0.6504196315269813,0.03855244778973155,48.102892359848944,46.62949962615967,45.1561068924704
2014-10-31,48.34000015258789,7816900,74.51818064488725,0.741951713528799,0.6687260479273449,0.07322566560145405,48.37941350990759,46.736999702453616,45.09458589499964
2014-11-03,48.91999816894531,5325100,76.75777728438405,0.8212723317972177,0.6992353047013194,0.12203702709589825,48.76243967235009,46.85749969482422,44.95255971729835
2014-11-04,49.41999816894531,5511500,89.1347931006957,0.913944926374505,0.7421772290359565,0.17176769733854846,49.20645248240675,47.02599964141846,44.845546800430164
2014-11-05,49.75,6709400,96.35627092677021,1.0024612656132135,0.794234036351408,0.20822722926180548,49.66632119899155,47.17349967956543,44.680678160139315
2014-11-06,49.560001373291016,4936500,92.02588403976493,1.0452310282352641,0.8444334347281792,0.20079759350708493,50.01071394700454,47.332999801635744,44.65528565626695
2014-11-07,49.869998931884766,5876600,91.16947367175202,1.0915577867787007,0.8938583051382836,0.19769948164041717,50.37868615180143,47.49049968719483,44.60231322258822
2014-11-10,49.869998931884766,8124600,89.69361255387335,1.1154142752468772,0.9381694991600024,0.17724477608687483,50.672012926012016,47.68149967193604,44.69098641786006
2014-11-11,49.279998779296875,5412000,76.81159153210017,1.0743284432107032,0.9654012879701426,0.10892715524056062,50.82067733672196,47.83649959564209,44.85232185456222
2014-11-12,49.33000183105469,7538500,76.69904530694896,1.0338844770181836,0.9790979257797509,0.05478655123843279,50.87306208886792,48.02649974822998,45.17993740759204
2014-11-13,49.45000076293945,5253000,75.2577380402274,0.9999880140032573,0.9832759434244522,0.016712070578805083,50.813218663556206,48.240499877929686,45.667781092303166
2014-11-14,48.779998779296875,6768800,62.95453402622083,0.9085876295955302,0.9683382806586679,-0.059750651063137705,50.671538204879226,48.39649982452393,46.12146144416863
2014-11-17,49.04999923706055,6026800,66.66666666666666,0.8481618648857747,0.9443029975040893,-0.09614113261831458,50.61856543521402,48.52799987792969,46.43743432064535
2014-11-18,49.27000045776367,6096000,67.93249114934213,0.808704034187663,0.9171832048408042,-0.10847917065314117,50.62905043541435,48.640499877929685,46.65194932044502
2014-11-19,49.13999938964844,5979700,67.08331611422469,0.7582033234014602,0.8853872285529354,-0.12718390515147515,50.59799081886812,48.74449977874756,46.891008738627
2014-11-20,48.83000183105469,8905500,55.73772395710029,0.6852675957648842,0.8453633019953252,-0.160095706230441,50.519999108116195,48.82949981689453,47.13900052567287
2014-11-21,49.2400016784668,10017200,53.9024796448798,0.6530214426150849,0.8068949301192772,-0.15387348750419227,50.492845375731356,48.91699981689453,47.341154258057706
2014-11-24,49.25,5589100,47.64545512183782,0.6211131096130273,0.7697385660180273,-0.1486254564049999,50.45901872228867,48.99749984741211,47.53598097253555
2014-11-25,49.459999084472656,7133800,45.84525654674592,0.605787555058086,0.736948363826039,-0.131160808767953,50.39341502287185,49.0939998626709,47.79458470246995
2014-11-26,49.720001220703125,4210300,52.24718800128157,0.6076177034672341,0.7110822317542781,-0.103464528287044,50.31206686045442,49.201499938964844,48.090933017475265
2014-11-28,50.2599983215332,3083100,55.14510943850489,0.6452038539569429,0.697906556194811,-0.052702702237868104,50.222424654916914,49.3394998550415,48.45657505516609
2014-12-01,50.29999923706055,6171800,55.613578323765054,0.6704898984116738,0.6924232246381836,-0.021933326226509786,50.287808923053966,49.437499809265134,48.5871906954763
2014-12-02,50.560001373291016,8365300,68.28573141290784,0.703400902530916,0.6946187602167302,0.008782142314185837,50.47007794720325,49.519499969482425,48.5689219917616
2014-12-03,51.189998626708984,9451300,72.79408946030422,0.7714261037228667,0.7099802289179575,0.06144587480490915,50.8146580924809,49.60799999237061,48.40134189226032
2014-12-04,50.939998626708984,6962800,67.69594047258764,0.7959880009105973,0.7271817833164855,0.06880621759411176,51.013008196543566,49.66749992370605,48.32199165086854
2014-12-05,51.06999969482422,4529600,81.19893812079812,0.8165310198000739,0.7450516306132032,0.07147938918687069,51.225587148396365,49.74299983978271,48.26041253116906
2014-12-08,50.93000030517578,5871300,76.55370914956966,0.8121527383335518,0.758471852157273,0.053680886176278864,51.37063239999137,49.795999908447264,48.221367416903156
2014-12-09,50.70000076293945,5160600,70.14087533983087,0.7811196171391259,0.7630014051536437,0.018118211985482247,51.463264084895755,49.8375,48.21173591510424
2014-12-10,49.9900016784668,6387100,60.29060095894067,0.6912661665343975,0.7486543574297946,-0.05738819089539704,51.478386540733254,49.873000144958496,48.26761374918374
2014-12-11,50.209999084472656,5263400,67.07920231148377,0.6305401374339041,0.7250315134306166,-0.09449137599671242,51.50789597411057,49.9170000076294,48.32610404114823
2014-12-12,49.650001525878906,6031800,54.89261012344532,0.5311049516988788,0.6862462010842691,-0.1551412493853903,51.50801985431741,49.92700004577637,48.345980237235324
2014-12-15,49.5099983215332,8122000,53.0092427023977,0.43597906678261467,0.6361927742239383,-0.2002137074413236,51.46471678078327,49.963500022888184,48.4622832649931
2014-12-16,49.33000183105469,8658100,48.48487812512227,0.3421231227583945,0.5773788439308295,-0.23525572117243498,51.44774982942193,49.97750015258789,48.50725047575386
2014-12-17,49.939998626708984,7948100,52.370667861503115,0.313351137518012,0.524573302648266,-0.21122216513025394,51.44341926621826,50.011000061035155,48.57858085585205
2014-12-18,51.27000045776367,7566500,59.300216377226995,0.3933350428694524,0.4983256506925033,-0.10499060782305086,51.59332368854527,50.117500114440915,48.64167654033656
2014-12-19,50.560001373291016,16275500,52.131168249664185,0.3948799415444668,0.477636508862896,-0.08275656731842918,51.56002158784987,50.204000091552736,48.847978595255604
2014-12-22,50.20000076293945,8944900,47.09676426976109,0.36287227852341175,0.45468366279499917,-0.09181138427158742,51.53006734155685,50.25200004577637,48.97393274999589
2014-12-23,50.529998779296875,4631300,44.40677155162103,0.35998438112491016,0.4357438064609814,-0.07575942533607122,51.508103426026075,50.31599998474121,49.12389654345635
2014-12-24,50.36000061035156,4081100,45.017189113015554,0.3400582898441229,0.4166067031376097,-0.07654841329348683,51.48293202223324,50.361000061035156,49.23906809983707
2014-12-26,50.599998474121094,2991600,46.03707920823925,0.33971650045366886,0.4012286626008216,-0.061512162147152716,51.489483285180796,50.40499992370606,49.32051656223132
2014-12-29,50.22999954223633,4029600,44.318161410401146,0.3060617193227273,0.3821952739452027,-0.0761335546224754,51.488910354751,50.40349998474121,49.31808961473142
2014-12-30,49.83000183105469,3664200,43.12795180330813,0.24429748114214078,0.35461571538459036,-0.11031823424244958,51.49479934472237,50.38000011444092,49.26520088415947
2014-12-31,49.27000045776367,5109600,44.174733310041816,0.1484502051410601,0.31338261333588435,-0.16493240819482424,51.53115981631337,50.31550006866455,49.099840321015726
2015-01-02,48.970001220703125,6078100,40.09584294626871,0.04773288218220273,0.260252667105148,-0.21251978492294527,51.48749717932348,50.20450019836426,48.92150321740503
2015-01-05,48.689998626708984,6900200,41.973209051434054,-0.05405705506637304,0.19739072267084382,-0.2514477777372168,51.492640504939395,50.09200019836426,48.691359891789126
2015-01-06,48.97999954223633,7240000,45.67700100812725,-0.11005699491915522,0.135901179152844,-0.2459581740719992,51.39276663388634,49.98750019073486,48.58223374758339
2015-01-07,49.880001068115234,5492500,54.014596101209285,-0.08088238738419307,0.09254446584543659,-0.17342685322962964,51.26863792235726,49.93500022888183,48.60136253540641
2015-01-08,50.720001220703125,4692600,55.50849443878406,0.00990550690102765,0.07601667405655481,-0.06611116715552716,51.27208099720768,49.93600025177002,48.599919506332355
2015-01-09,50.599998474121094,6488200,44.29299739729721,0.07134987156351968,0.07508331355794778,-0.0037334419944280994,51.33522239491903,49.96650009155273,48.597777788186434
2015-01-12,50.91999816894531,6369600,53.28464257049359,0.14420398054075179,0.08890744695450858,0.0552965335862432,51.43273893635147,50.00200004577637,48.57126115520127
2015-01-13,51.31999969482422,7461000,60.14491701997533,0.2315490140768901,0.1174357603789849,0.1141132536979052,51.6208443074679,50.085499954223636,48.55015560097937
2015-01-14,51.72999954223633,6235200,60.71428814712736,0.3300495379904831,0.15995851590128454,0.17009102208919855,51.87131955552566,50.19650001525879,48.521680474991925
2015-01-15,52.470001220703125,8102800,67.09885435536623,0.4624925377664084,0.22046532027430932,0.2420272174920991,52.25910701104193,50.35349998474121,48.4478929584405
2015-01-16,53.04999923706055,10072200,68.81719295963397,0.6072554985792848,0.29782335593530446,0.3094321426439804,52.75049274220879,50.50900001525879,48.26750728830879
2015-01-20,53.83000183105469,6484700,76.0115410969665,0.7759759112888531,0.3934538670060142,0.3825220442828389,53.311937440752885,50.63700008392334,47.962062727093794
2015-01-21,54.27000045776367,5742700,81.89649360792535,0.9344208440462012,0.5016472624140516,0.43277358163214963,53.951050571999104,50.82250003814697,47.693949504294835
2015-01-22,54.65999984741211,7169000,89.69066720600463,1.0790210037107002,0.6171220106733813,0.46189899303731885,54.594747650245424,51.04549999237061,47.49625233449579
2015-01-23,54.189998626708984,6589200,87.49992463791946,1.1425222165688425,0.7222020518524737,0.4203201647163688,55.034004451388356,51.22849998474121,47.42299551809407
2015-01-26,54.439998626708984,6149600,91.48624398621646,1.199196702807349,0.8176009820434488,0.38159572076390014,55.47219680853969,51.43249988555908,47.39280296257847
2015-01-27,54.560001373291016,5640200,91.27214326989056,1.2395065996981103,0.9019821055743811,0.3375244941237292,55.8810750788699,51.63050003051758,47.379924982165264
2015-01-28,54.0099983215332,6298200,82.21521043880249,1.2130881090911174,0.9642033062777284,0.24888480281338898,56.143394050386156,51.81949996948242,47.49560588857869
2015-01-29,54.38999938964844,6468800,80.84025747550905,1.2088789710681596,1.0131384392358147,0.19574053183234486,56.410404979213034,52.04749984741211,47.68459471561119
2015-01-30,53.099998474121094,9952300,67.556154190696,1.088898758887673,1.0282905031661864,0.06060825572148665,56.421061111208566,52.23899974822998,48.05693838525139
2015-02-02,53.79999923706055,9183600,69.19997782392707,1.038328582184306,1.0302981189698104,0.008030463214495631,56.418431270087325,52.48049964904785,48.542568028008375
2015-02-03,54.2599983215332,9729300,69.44441220681487,1.023570352677389,1.028952565711326,-0.0053822130339371554,56.33986026518173,52.75899963378906,49.17813900239639
2015-02-04,54.029998779296875,8190500,65.58263229308005,0.9819954760171896,1.0195611477724988,-0.03756567175530923,56.15597331491315,53.01149959564209,49.86702587637104
2015-02-05,53.66999816894531,8452200,58.57139743107667,0.9095137379104514,0.9975516658000894,-0.08803792788963793,55.9872733086508,53.2009994506836,50.414725592716394
2015-02-06,53.33000183105469,7806700,52.071023280354616,0.8152390074491009,0.9610891341298917,-0.14585012668079078,55.86117446730356,53.33149948120117,50.80182449509878
2015-02-09,53.15999984741211,5816400,44.55283413152445,0.7185251543190105,0.9125763381677156,-0.194051183848705,55.642548977368946,53.459499549865725,51.276450122362505
2015-02-10,53.77000045776367,4499800,46.044308381701065,0.6832248889679917,0.8667060483277709,-0.18348115935977916,55.43033314256522,53.60199966430664,51.77366618604806
2015-02-11,54.7599983215332,7889700,50.72253172204771,0.7267561358573005,0.8387160658336769,-0.11195992997637638,55.32455625042316,53.77399959564209,52.22344294086102
2015-02-12,55.540000915527344,7249000,59.33610615294758,0.8148021215637584,0.8339332769796932,-0.019131155415934797,55.38873294899721,53.96449966430664,52.54026637961608
2015-02-13,54.7599983215332,5962900,52.061851109013695,0.812276095783659,0.8296018407404864,-0.01732574495682737,55.358158808505024,54.078999519348145,52.799840230191265
2015-02-17,55.13999938964844,7141300,53.615944086678205,0.8313537836314211,0.8299522293186734,0.0014015543127476882,55.45012824135124,54.18349952697754,52.91687081260385
2015-02-18,55.2400016784668,4638800,58.12418868472188,0.8448039634334847,0.8329225761416357,0.011881387291849066,55.5926937473931,54.25399951934814,52.915305291303184
2015-02-19,55.47999954223633,6332900,57.33512481959778,0.8648595867308586,0.8393099782594804,0.025549608471378216,55.76124542361383,54.31449947357178,52.86775352352973
2015-02-20,55.61000061035156,6881500,70.01595235951338,0.8810871877766786,0.84766542016292,0.03342176761375859,55.91498837014756,54.36199951171875,52.80901065328994
2015-02-23,55.5099983215332,5265700,65.07934158527084,0.8757828500261908,0.8532889061355743,0.02249394389061654,56.06037750844728,54.42799949645996,52.79562148447264
2015-02-24,55.720001220703125,6443700,63.4686375431704,0.8783989665369347,0.8583109182158464,0.020088048321088348,56.223705783370704,54.49199962615967,52.76029346894863
2015-02-25,55.63999938964844,5125100,65.2751136082322,0.8640564733881462,0.8594600292503064,0.0045964441378397725,56.35237938762193,54.54599952697754,52.73961966633315
2015-02-26,56.09000015258789,4479600,72.5745946003651,0.8788701766725708,0.8633420587347593,0.015528117937811503,56.56281563099162,54.64999961853027,52.737183606068925
2015-02-27,56.290000915527344,4957900,78.35239214379463,0.8964152167262256,0.8699566903330527,0.02645852639317292,56.78775908032407,54.744999694824216,52.70224030932436
2015-03-02,56.5,4931400,81.74896891029755,0.9166978364216192,0.8793049195507661,0.03739291687085311,56.94721969263671,54.91499977111816,52.882779849599615
2015-03-03,56.459999084472656,4428800,78.67793883325918,0.918951122563449,0.8872341601533027,0.03171696241014632,57.12073638943882,55.04799976348877,52.97526313753872
2015-03-04,55.790000915527344,5460600,61.78488843574351,0.8567969928434422,0.8811467266913307,-0.02434973384788841,57.187696205651065,55.12449989318848,53.06130358072589
2015-03-05,55.5,5550800,49.48452594673992,0.7752026929028801,0.8599579199336407,-0.08475522703076055,57.20087803209154,55.19799995422363,53.19512187635573
2015-03-06,53.369998931884766,12205000,36.71131482054185,0.5325267009869421,0.794471676144301,-0.26194497515735893,57.23787973683842,55.182999992370604,53.128120247902785
2015-03-09,53.83000183105469,6262500,37.664836191116585,0.3730226457046797,0.7101818700563768,-0.3371592243516971,57.17838723556865,55.2079999923706,53.237612749172555
2015-03-10,53.20000076293945,5563800,32.53427341918999,0.19354761524123631,0.6068550190933487,-0.4133074038521124,57.17169636513342,55.21000003814697,53.248303711160524
2015-03-11,52.220001220703125,9012400,25.22802625758662,-0.027448997354284188,0.4799942158038222,-0.5074432131581064,57.427830279889235,55.132500076293944,52.83716987269865
2015-03-12,52.0099983215332,7941100,22.97301709221064,-0.2170340504913426,0.34058856254478925,-0.5576226130361319,57.680583544525525,54.99500007629395,52.30941660806237
2015-03-13,51.38999938964844,7955500,21.30924658789702,-0.412554630273398,0.18995992398115183,-0.6025145542545498,57.902711628722045,54.7875,51.67228837127796
2015-03-16,52.09000015258789,7626200,26.33639818426606,-0.5051982757339886,0.050928284038123744,-0.5561265597721123,57.99484417522082,54.65400009155273,51.31315600788464
2015-03-17,51.619998931884766,6048600,25.06205975437352,-0.6095180580086677,-0.08116098437123453,-0.5283570736374331,58.072303565121125,54.47800006866455,50.883696572207974
2015-03-18,51.34000015258789,14050500,19.89863260871877,-0.7066400913813595,-0.20625680577325956,-0.5003832856081,58.118326922562254,54.282999992370605,50.44767306217896
2015-03-19,51.27000045776367,6697400,17.654661030488555,-0.7802639952760728,-0.32105824367382224,-0.4592057516022506,58.08905482789568,54.07250003814697,50.05594524839826
2015-03-20,51.41999816894531,13743100,17.012994733739234,-0.8170890142984533,-0.42026439779874847,-0.3968246164997048,57.97778547508962,53.86299991607666,49.7482143570637
2015-03-23,51.619998931884766,8649500,19.21121229166596,-0.820674492394339,-0.5003464167178666,-0.32032807567647237,57.82304801471578,53.66849994659424,49.513951878472696
2015-03-24,51.11000061035156,7223800,19.610405695290098,-0.8548148385758836,-0.5712401010894701,-0.2835747374864135,57.62471919276678,53.43799991607666,49.25128063938654
2015-03-25,50.150001525878906,10189300,18.040640868930325,-0.9484026169543824,-0.6466726042624527,-0.3017300126919298,57.46077124612336,53.163500022888186,48.866228799653015
2015-03-26,50.0,14549100,23.630694507375978,-1.0228843016007616,-0.7219149437301144,-0.30096935787064716,57.14618997044953,52.859000015258786,48.571810060068046
2015-03-27,50.34000015258789,8565700,22.169047658159357,-1.0424595773810736,-0.7860238704603063,-0.25643570692076734,56.66819430167157,52.561499977111815,48.45480565255206
2015-03-30,50.529998779296875,7215800,27.101175882468027,-1.0307598650796805,-0.8349710693841812,-0.19578879569549934,56.01706089658935,52.26299991607666,48.50893893556397
2015-03-31,50.02000045776367,7905600,29.477592554503588,-1.0505304994378832,-0.8780829553949216,-0.1724475440429616,55.258709759192094,51.94099998474121,48.62329021029033
2015-04-01,50.29999923706055,7768800,34.25413083796998,-1.031712370179875,-0.9088088383519124,-0.12290353182796254,54.5192090681213,51.66649990081787,48.81379073351444
2015-04-02,51.189998626708984,9000900,48.24560522922008,-0.9342143133797975,-0.9138899333574895,-0.020324380022308075,53.66377543757175,51.45099983215332,49.23822422673489
2015-04-06,51.4900016784668,7575000,44.3396321477052,-0.8232487626027094,-0.8957616992065336,0.07251293660382419,53.37794448786426,51.35699996948242,49.336055451100584
2015-04-07,51.70000076293945,7369200,50.793670016136794,-0.7101761247698093,-0.8586445843191888,0.14846845954937948,52.91594410558587,51.25049991607666,49.585055726567454
2015-04-08,51.619998931884766,5883500,52.89255156150495,-0.6198751884917613,-0.8108907051537033,0.19101551666194205,52.57722131645873,51.17149982452393,49.76577833258912
2015-04-09,51.86000061035156,4556400,55.88822704842078,-0.522917053940489,-0.7532959749110606,0.23037892097057155,52.51108662120247,51.15349979400635,49.79591296681023
2015-04-10,52.5099983215332,6442200,59.89111147573443,-0.389141865534647,-0.6804651530357779,0.2913232875011309,52.61841558072992,51.17849979400635,49.738584007282775
2015-04-13,51.77000045776367,6731100,51.23968297004357,-0.3389287484742596,-0.6121578721234743,0.2732291236492147,52.659032490095996,51.19749984741211,49.735967204728226
2015-04-14,52.119998931884766,4956600,58.57384618274162,-0.26780544516686433,-0.5432873867321524,0.27548194156528805,52.66444541154365,51.19899978637695,49.73355416121025
2015-04-15,51.61000061035156,5944500,63.419122029757474,-0.2497137722686631,-0.4845726638394546,0.23485889157079148,52.66334748802562,51.198499870300296,49.73365225257497
2015-04-16,52.04999923706055,7569700,67.88832574498213,-0.19759403812640386,-0.4271769386968444,0.22958290057044056,52.74691071602428,51.23399982452393,49.72108893302357
2015-04-17,51.75,7499300,62.39017643505585,-0.1784392677448352,-0.3774294045064426,0.19899013676160737,52.78844260953342,51.25799980163574,49.72755699373806
2015-04-20,52.630001068115234,8742700,66.45771511357107,-0.0911989576789125,-0.32018331514093656,0.22898435746202406,52.96701767298569,51.31849994659424,49.66998222020278
2015-04-21,52.099998474121094,6473900,66.24999031424176,-0.06408839224583573,-0.26896433056191643,0.2048759383160807,53.023162019425634,51.34249992370606,49.66183782798648
2015-04-22,52.119998931884766,9813700,64.82084589367058,-0.040522090592098436,-0.22327588256795286,0.18275379197585442,53.104657274550426,51.39299983978272,49.68134240501501
2015-04-23,52.349998474121094,8189800,60.58394109772795,-0.003249131903316993,-0.17927053243502572,0.17602140053170873,53.16021455593809,51.50299968719482,49.845784818451556
2015-04-24,52.06999969482422,4911100,55.31134174756603,0.003654270793887804,-0.14268557178924304,0.14633984258313085,53.120883433195345,51.606499671936035,50.092115910676725
2015-04-27,51.400001525878906,6451800,47.466220243560926,-0.04442587186114366,-0.12303363180362317,0.07860775994247951,53.056932849364834,51.65949974060059,50.26206663183634
2015-04-28,51.709999084472656,6596600,50.731709737666264,-0.05686007158212192,-0.10979891975932293,0.052938848177201014,53.01082930240208,51.718499755859376,50.42617020931667
2015-04-29,50.20000076293945,11261300,38.81399718781249,-0.18640969448773603,-0.12512107470500555,-0.06128861978273048,52.9716328398594,51.72749977111816,50.48336670237692
2015-04-30,50.04999923706055,10130900,32.22541584115844,-0.29775029347833737,-0.15964691845967194,-0.13810337501866543,53.022910435822304,51.714999771118165,50.40708910641403
2015-05-01,50.65999984741211,5958300,41.82620244545371,-0.33292877341753524,-0.19430328945124462,-0.13862548396629062,53.06107694413597,51.68849983215332,50.31592272017067
2015-05-04,50.68000030517578,4963100,38.85449163216607,-0.35510072234125545,-0.2264627760292468,-0.12863794631200864,53.09122074647814,51.64799976348877,50.204778780499396
2015-05-05,50.349998474121094,4968700,39.96813390804877,-0.39475010790875587,-0.26012024240514864,-0.13462986550360723,53.13543679528371,51.58049964904785,50.025562502811994
2015-05-06,50.68000030517578,7011100,38.89790525581031,-0.39499093221044745,-0.28709438036620843,-0.10789655184423902,53.13939997453465,51.5334997177124,49.92759946089016
2015-05-07,51.2400016784668,5127300,46.03423021178972,-0.3460058168314646,-0.2988766676592597,-0.0471291491722049,53.105796873832205,51.50249977111817,49.89920266840413
2015-05-08,52.16999816894531,5545500,46.45059466307332,-0.2294963247233568,-0.2850005990720791,0.05550427434872229,53.050571705658214,51.48549976348877,49.92042782131932
2015-05-11,51.34000015258789,5396500,44.39528845152996,-0.2018092843512278,-0.26836233612790883,0.06655305177668103,53.024422960283324,51.46399974822998,49.90357653617664
2015-05-12,51.150001525878906,5850100,43.02159450112218,-0.1929739234056811,-0.2532846535834633,0.06031073017778221,52.95015828735517,51.41549987792969,49.88084146850421
2015-05-13,51.0,5759100,40.17467661116935,-0.19581843272465704,-0.24179140941170207,0.04597297668704503,52.927608208264274,51.38499984741211,49.84239148655995
2015-05-14,52.599998474121094,6822000,53.235647832887274,-0.06818028188827441,-0.20706918390701656,0.13888890201874216,53.02313323501942,51.412499809265135,49.80186638351085
2015-05-15,52.81999969482422,5023000,59.173117318237516,0.05014805653693344,-0.15562573581822656,0.20577379235516,53.19086865153862,51.46599979400635,49.74113093647408
2015-05-18,51.95000076293945,4937700,51.44579337667381,0.07288233217228424,-0.1099241222201244,0.18280645439240864,53.08559603097458,51.43199977874756,49.77840352652054
2015-05-19,51.779998779296875,4764700,61.350555734293295,0.07630210689888628,-0.07267887639632227,0.14898098329520854,53.04843863739566,51.415999794006346,49.78356095061703
2015-05-20,51.79999923706055,4430600,62.811123944675174,0.07970735601457335,-0.04220162991414315,0.12190898592871649,53.00949724887839,51.39999980926514,49.79050236965189
2015-05-21,51.63999938964844,6577600,57.680245910412026,0.06870341970464722,-0.020020619990385076,0.08872403969503229,52.91604827950664,51.3644998550415,49.81295143057636
2015-05-22,51.22999954223633,4141800,54.0620324953584,0.02659261659471923,-0.010697972673364215,0.03729058926808344,52.838711694596796,51.32249984741211,49.806288000227426
2015-05-26,51.279998779296875,5673300,57.164873738768975,-0.0027146844990539876,-0.00910131503850217,0.006386630539448183,52.83236993324624,51.31649971008301,49.800629486919775
2015-05-27,51.83000183105469,5564700,58.569312092307726,0.01822957871014097,-0.0036351362887735426,0.021864714998914514,52.845859684754664,51.32249984741211,49.79914001006956
2015-05-28,51.619998931884766,4634400,52.987399504329325,0.01767878922560584,0.0006276488141023339,0.017051140411503504,52.826248416541766,51.393499755859374,49.96075109517698
2015-05-29,51.20000076293945,7490800,41.709427123986735,-0.016458336118027717,-0.0027895481723236764,-0.013668787945704041,52.742019378911955,51.45099983215332,50.15998028539469
2015-06-01,51.20000076293945,3842200,48.60558495521154,-0.04301638775628902,-0.010834916089116745,-0.03218147166717228,52.721061801312786,51.47799987792969,50.234937954546595
2015-06-02,50.630001068115234,4778800,45.18518570846276,-0.10880382395165356,-0.030428697661624107,-0.07837512629002945,52.72550098198182,51.47549991607666,50.2254988501715
2015-06-03,50.349998474121094,5866300,44.12295865645552,-0.1814431467144928,-0.06063158747219785,-0.12081155924229495,52.72550098198182,51.47549991607666,50.2254988501715
2015-06-04,49.880001068115234,6077400,19.0909760844781,-0.27377923942413673,-0.10326111786258563,-0.1705181215615511,52.834949820689374,51.43549995422363,50.036050087757886
2015-06-05,48.209999084472656,10415100,10.598326490795188,-0.47622187212912337,-0.1778532687158932,-0.2983686034132302,53.2949841428447,51.283999824523924,49.27301550620315
2015-06-08,48.31999969482422,7983800,14.34189078291108,-0.6206287650508031,-0.26640836798287515,-0.35422039706792796,53.45207317867058,51.09149990081787,48.730926622965164
2015-06-09,48.560001373291016,6326300,18.798519958748102,-0.7075499431026202,-0.35463668300682416,-0.35291326009579604,53.565373645412535,50.95249996185303,48.33962627829352
2015-06-10,49.220001220703125,10217600,27.75866412090734,-0.7149377734852393,-0.42669690110250724,-0.2882408723827321,53.578424066498535,50.85599994659424,48.13357582668994
2015-06-11,48.33000183105469,7135100,24.655480014627855,-0.783575622976521,-0.49807264547731,-0.28550297749921094,53.66791764321794,50.722500038146975,47.77708243307601
2015-06-12,48.040000915527344,8740600,25.117044416474002,-0.851556055321133,-0.5687693274460747,-0.2827867278750583,53.532493798798875,50.494500160217285,47.456506521635696
2015-06-15,47.540000915527344,6494900,22.740573093626793,-0.9349987751886104,-0.6420152169945819,-0.29298355819402855,53.334551012658764,50.23050022125244,47.12644942984612
2015-06-16,48.02000045776367,4561300,21.9440447785595,-0.9514283070409846,-0.7038978350038624,-0.2475304720371222,53.17705456092769,50.03400020599365,46.89094585105961
2015-06-17,48.560001373291016,5714500,28.511261389170755,-0.9103809634411988,-0.7451944606913297,-0.16518650274986912,52.96900788691934,49.87300033569336,46.77699278446738
2015-06-18,49.459999084472656,6494500,38.552623983897966,-0.7960519627095977,-0.7553659610949832,-0.04068600161461444,52.71940744714918,49.75600032806396,46.792593208978744
2015-06-19,49.31999969482422,8188700,37.85529289130826,-0.7085741845276203,-0.7460076057815107,0.037433421253890375,52.47158860835962,49.640000343322754,46.80841207828589
2015-06-22,49.790000915527344,5805200,44.50261910813014,-0.5944695693770825,-0.715699998500625,0.12123042912354254,52.30086898027031,49.568000411987306,46.8351318437043
2015-06-23,49.08000183105469,5248100,42.13137118282091,-0.5549348882412559,-0.6835469764487512,0.12861208820749526,52.075388385782745,49.458000564575194,46.84061274336764
2015-06-24,48.970001220703125,6505500,44.09857649009391,-0.5264113561174071,-0.6521198523824824,0.1257084962650753,51.68781536074301,49.31500053405762,46.942185707372225
2015-06-25,49.15999984741211,5807800,57.624404757166644,-0.48290828401945873,-0.6182775387098777,0.13536925469041894,51.302232110276506,49.19200057983399,47.08176904939147
2015-06-26,49.47999954223633,7631700,59.0062119159558,-0.41779441103344084,-0.5781809131745903,0.16038650214114947,51.00087308717813,49.10600051879883,47.21112795041953
2015-06-29,48.66999816894531,7300100,50.784570770269724,-0.4266335726769128,-0.5478714450750548,0.12123787239814199,50.60432686467438,48.97950038909912,47.35467391352387
2015-06-30,48.90999984741211,8247300,47.64794107653186,-0.4095514876745696,-0.5202074535949578,0.11065596592038818,50.32053610260319,48.893500328063965,47.46646455352474
2015-07-01,49.099998474121094,4897100,56.536474727142256,-0.3763442487167481,-0.4914348126193159,0.11509056390256778,50.08891651374796,48.831000328063965,47.57308414237997
2015-07-02,48.9900016784668,4575100,58.31875262636446,-0.3548130309676125,-0.46411045628897524,0.10929742532136272,49.94739396172123,48.78650035858154,47.62560675544185
2015-07-06,49.869998931884766,7862700,69.12972805371902,-0.2637011788291943,-0.4240286007970191,0.1603274219678248,50.092549755146955,48.86950035095215,47.64645094675735
2015-07-07,51.68000030517578,13341000,74.66309051378664,-0.04492453351429049,-0.3482077873404734,0.30328325382618293,50.762716803027416,49.03750038146973,47.31228395991204
2015-07-08,51.029998779296875,8154600,66.40105616018295,0.07514165700150954,-0.2635378984720768,0.33867955547358636,51.08452584072636,49.16100025177002,47.23747466281368
2015-07-09,50.95000076293945,7010000,61.10285192881122,0.16197268636285855,-0.17843578150508974,0.3404084678679483,51.331128773301856,49.24750022888183,47.16387168446181
2015-07-10,51.310001373291016,7263100,64.35788373919789,0.25687484994907805,-0.0913736552142562,0.3482485051633343,51.62503526292732,49.396500205993654,47.16796514905999
2015-07-13,51.33000183105469,8124400,61.88273094828256,0.32989652631317057,-0.0071196189087708445,0.3370161452219414,51.85274209829477,49.56100025177002,47.26925840524527
2015-07-14,51.349998474121094,7433200,69.60275712670608,0.3849429106457336,0.07129288700213005,0.31365002364360356,51.96807195101308,49.75150012969971,47.534928308386334
2015-07-15,51.22999954223633,6862400,69.4827723418263,0.41411104157479883,0.13985651791666381,0.274254523658135,52.06461515100034,49.91200008392334,47.75938501684634
2015-07-16,52.90999984741211,12569300,75.7201882965608,0.5662614700195618,0.22513750833724344,0.3411239616823184,52.56711307482042,50.129500007629396,47.69188694043837
2015-07-17,53.220001220703125,7806000,75.68684248171381,0.7037439782656705,0.32085880232292885,0.38288517594274163,53.09410854992651,50.31750011444092,47.540891678955326
2015-07-20,53.709999084472656,6572600,86.20694758073357,0.842526468408586,0.4251923355400603,0.4173341328685257,53.65471925231421,50.53700008392334,47.41928091553247
2015-07-21,53.54999923706055,5658400,83.72097665268682,0.9288942267793132,0.5259327137879108,0.40296151299140237,54.09621242072517,50.725,47.35378757927483
2015-07-22,53.959999084472656,7980000,84.22540054372938,1.0186821252761078,0.6244825960855502,0.39419952919055756,54.53942160019221,50.9689998626709,47.398578125149584
2015-07-23,53.81999969482422,4768800,83.87098500068215,1.0662518138098918,0.7128364396304185,0.3534153741794732,54.8680342194241,51.211499786376955,47.554965353329806
2015-07-24,53.790000915527344,5441200,81.21023190097816,1.0889774299672652,0.788064637697788,0.3009127922694772,55.138710863579206,51.442999839782715,47.747288815986224
2015-07-27,53.95000076293945,5979900,74.51407855980555,1.1071359212805163,0.8518788944143337,0.25525702686618257,55.40279324496154,51.66649990081787,47.93020655667419
2015-07-28,55.25,9298900,89.9621997546452,1.212449368755479,0.9239929892825628,0.28845637947291614,55.779318640132814,51.995499992370604,48.211681344608394
2015-07-29,54.400001525878906,9425600,78.51244255089475,1.2133366716193095,0.9818617257499122,0.23147494586939732,55.90495920774025,52.27000007629395,48.635040944847646
2015-07-30,54.20000076293945,7259100,74.53313610003977,1.184250176573073,1.0223394159145445,0.1619107606585286,55.932017679141886,52.525000190734865,49.11798270232784
2015-07-31,54.380001068115234,4843900,75.20664023067286,1.162324882273687,1.050336509186373,0.11198837308731391,55.85972472972884,52.79450016021728,49.729275590705726
2015-08-03,54.65999984741211,4055000,76.22824607784045,1.1542371624984327,1.071116639848785,0.08312052264964764,55.87761851268339,53.03400020599365,50.19038189930391
2015-08-04,54.91999816894531,4901600,78.60467096870349,1.1554875368994004,1.0879908192589083,0.06749671764049214,56.08365357668546,53.19600009918213,50.3083466216788
2015-08-05,55.470001220703125,6200800,74.06018191530936,1.1871741131440956,1.1078274780359458,0.07934663510814977,56.287143342119904,53.41800022125244,50.54885710038498
2015-08-06,55.56999969482422,5965500,72.9941458127108,1.206447814825303,1.1275515453938174,0.07889626943148564,56.4238790776595,53.64900016784668,50.87412125803386
2015-08-07,55.4900016784668,5507700,68.93622547328692,1.2014179921615664,1.1423248347473671,0.05909315741419929,56.518412800616154,53.85800018310547,51.19758756559478
2015-08-10,55.709999084472656,4658400,72.68911839449015,1.2013355254008502,1.1541269728780639,0.04720855252278633,56.577502442407216,54.077000045776366,51.576497649145516
2015-08-11,55.72999954223633,8357800,70.25176179132255,1.1891759594651816,1.1611367701954876,0.028039189269694065,56.54549512623741,54.29600009918213,52.04650507212685
2015-08-12,55.7400016784668,5880900,72.64156460387822,1.1668952624403488,1.16228846864446,0.004606793795888908,56.33976181631153,54.521500205993654,52.70323859567578
2015-08-13,55.56999969482422,6094100,70.31963351013334,1.1225795123731572,1.1543466773901994,-0.03176716501704213,56.3622223136763,54.65450019836426,52.94677808305222
2015-08-14,55.7599983215332,4105000,70.52153273117,1.0902228520594335,1.1415219123240463,-0.05129906026461284,56.41627059450097,54.781500053405765,53.14672951231056
2015-08-17,55.66999816894531,3382600,56.56247764823689,1.0452685008714795,1.1222712300335331,-0.07700272916205364,56.47841343367791,54.879500007629396,53.280586581580884
2015-08-18,55.20000076293945,4944400,64.1844043585009,0.960643293041457,1.089945642635118,-0.12930234959366094,56.4375918736761,54.96200008392334,53.48640829417059
2015-08-19,54.810001373291016,8330000,60.13291899646664,0.852282927697928,1.04241309964768,-0.1901301719497519,56.40566402123784,55.004500198364255,53.60333637549067
2015-08-20,54.72999954223633,6020800,56.01372768530147,0.7512906671572139,0.9841886131495867,-0.2328979459923728,56.34422944393455,55.05000019073486,53.755770937535175
2015-08-21,53.939998626708984,10551300,39.47366072822833,0.6005839436469813,0.9074676792490657,-0.3068837356020844,56.32239198282011,55.05750007629395,53.79260816976779
2015-08-24,52.13999938964844,17160800,21.975813584324058,0.3320749311751996,0.7923891296342925,-0.46031419845909294,56.727455694517474,54.967000007629395,53.206544320741315
2015-08-25,51.81999969482422,9402700,11.416439505137348,0.09239325137598797,0.6523899539826317,-0.5599967026066437,57.04126779869093,54.79549999237061,52.549732186050285
2015-08-26,53.209999084472656,10016200,30.398655096679178,0.014438687159099572,0.5247997006179252,-0.5103610134588257,57.08650197750916,54.73599987030029,52.38549776309142
2015-08-27,53.709999084472656,7654000,36.18010113688665,-0.006915329673610415,0.41845669455961815,-0.42537202423322856,57.095501871688235,54.711499786376955,52.327497701065674
2015-08-28,54.16999816894531,7450100,38.47304756607478,0.013128206095423423,0.33739099686677926,-0.32426279077135584,57.09298585721836,54.700999641418456,52.30901342561855
2015-08-31,53.58000183105469,5035700,35.17242177630287,-0.018383013132023507,0.2662361948670187,-0.2846192079990422,57.091078561394546,54.646999740600585,52.20292091980662
2015-09-01,52.029998779296875,8717100,28.896449813279403,-0.16650876436916917,0.17968720301978117,-0.3461959673889503,57.20652356253804,54.50249977111817,51.798475979698296
2015-09-02,53.130001068115234,6616100,37.44856338541129,-0.19291469726325516,0.1051668229631739,-0.2980815202264291,57.11563185035592,54.38549976348877,51.655367676621616
2015-09-03,53.59000015258789,4961600,39.139145981125836,-0.17470956447575503,0.049191545475388114,-0.22390110995114315,56.97911973493496,54.28649978637695,51.59387983781894
2015-09-04,52.380001068115234,7089600,35.19352812902265,-0.25497943510472254,-0.011642650640634022,-0.24333678446408852,56.88938127058367,54.13099975585938,51.372618241135086
2015-09-08,53.4900016784668,5792800,42.72340815118018,-0.22641612910103248,-0.054597346332713716,-0.17181878276831877,56.688032710654895,54.01999988555908,51.35196706046327
2015-09-09,53.02000045776367,6454000,42.434485889814276,-0.23895020463455552,-0.09146791799308208,-0.14748228664147345,56.46054713864478,53.88449993133545,51.30845272402612
2015-09-10,53.27000045776367,7974700,43.91667048136393,-0.22610425008522128,-0.11839518441150994,-0.10770906567371134,56.19543566728352,53.760999870300296,51.32656407331707
2015-09-11,52.59000015258789,5373400,44.32296659621187,-0.2677081077590415,-0.14825776908101626,-0.11945033867802526,55.942823508449464,53.611999893188475,51.281176277927486
2015-09-14,52.45000076293945,5568700,51.515158295027874,-0.30842096057790513,-0.18029040738039404,-0.1281305531975111,55.59831929374755,53.44650001525879,51.29468073677003
2015-09-15,54.11000061035156,10665600,59.89628770928907,-0.20438208580678463,-0.18510874306567215,-0.019273342741112476,55.28071345210121,53.3685001373291,51.45628682255699
2015-09-16,55.36000061035156,10713500,59.405080789478774,-0.020825906589450938,-0.1522521757704279,0.13142626918097697,55.32202446495254,53.37650012969971,51.43097579444687
2015-09-17,54.689998626708984,9801600,54.22413512444297,0.06977579531691447,-0.10784658155295944,0.17762237686987392,55.29806682042083,53.370499992370604,51.44293316432038
2015-09-18,54.04999923706055,12866900,49.49066678497191,0.08891078657853058,-0.06849510792666144,0.15740589450519202,55.1854855362792,53.336499977111814,51.487514417944425
2015-09-21,54.790000915527344,4085100,55.07124174228907,0.1619208334380744,-0.022411919653714273,0.18433275309178868,55.323026312618296,53.37900009155273,51.43497387048717
2015-09-22,54.20000076293945,4949900,59.89061525787794,0.17021164620205553,0.016112793517439692,0.15409885268461584,55.36701694551765,53.48200016021728,51.59698337491692
2015-09-23,54.400001525878906,3677100,56.305859062327286,0.19072204018380745,0.05103464285071325,0.1396873973330942,55.36573998788217,53.61100025177002,51.85626051565787
2015-09-24,54.61000061035156,5602300,55.1934831630899,0.2213700303532562,0.08510172035122185,0.13626831000203435,55.47953653923423,53.681000328063966,51.8824641168937
2015-09-25,54.790000915527344,5656800,63.70875170934366,0.25721825177807034,0.11952502663659155,0.1376932251414788,55.60079786821031,53.735000419616696,51.869202971023086
2015-09-28,54.630001068115234,7882700,57.270400591667034,0.2696096824252905,0.14954195779433135,0.12006772463095913,55.65741452137607,53.7580005645752,51.85858660777433
2015-09-29,54.22999954223633,7335900,57.7863476134835,0.24433663961524132,0.16850089415851335,0.07583574545672797,55.69931094698294,53.790500450134275,51.88168995328561
2015-09-30,54.400001525878906,7766600,57.347205128853815,0.23531277126985373,0.18186326958078142,0.05344950168907231,55.64397687812804,53.90900058746338,52.17402429679872
2015-10-01,54.220001220703125,7114600,61.33518532568413,0.211202163221472,0.18773104830891957,0.023471114912552438,55.66357205425028,53.963500595092775,52.26342913593527
2015-10-02,54.86000061035156,5000000,65.66968717027575,0.24095930579686353,0.19837669980650838,0.042582605990355155,55.76282857018315,54.02700061798096,52.29117266577877
2015-10-05,55.72999954223633,8563500,61.73911360878375,0.3309289555912187,0.22488715096345047,0.10604180462776824,55.907527536788585,54.19450054168701,52.48147354658544
2015-10-06,55.40999984741211,5639300,50.41875372603596,0.3721196861211524,0.25433365799499086,0.11778602812616157,56.05180931295842,54.290500450134275,52.52919158731013
2015-10-07,55.900001525878906,5922100,60.44906658584873,0.4392393987944132,0.29131480615487537,0.14792459263953783,56.22905926756684,54.434500503540036,52.63994173951323
2015-10-08,56.369998931884766,5587600,70.64055659256746,0.5243131616381049,0.3379144772515213,0.18639868438658364,56.492776814558226,54.589500427246094,52.68622403993396
2015-10-09,56.810001373291016,8383100,68.98495418422539,0.6200912257259645,0.39434982694640996,0.22574139877955457,56.706109514772635,54.80050048828125,52.89489146178987
2015-10-12,57.459999084472656,6053200,80.29737615531062,0.7399161221200927,0.4634630859811465,0.27645303613894623,56.97273054774375,55.05100040435791,53.12927026097206
2015-10-13,57.619998931884766,6167600,80.1497875842323,0.8381274547339004,0.5383959597316973,0.2997314950022031,57.409701275345846,55.22650032043457,53.04329936552329
2015-10-14,57.54999923706055,6087300,78.26921341687519,0.8999383242347179,0.6107044326323015,0.2892338916024164,57.75440601782643,55.33600025177002,52.9175944857136
2015-10-15,57.869998931884766,7314500,78.83893191337066,0.9636369774280524,0.6812909415914516,0.2823460358366008,58.1419238735198,55.49500026702881,52.848076660537814
2015-10-16,58.720001220703125,9116200,83.91375118695235,1.0703681620587346,0.7591063856849083,0.31126177637382635,58.648544670005194,55.72850036621094,52.80845606241668
2015-10-19,59.65999984741211,6403700,91.32420515524134,1.2167771782212782,0.8506405441921824,0.3661366340290958,59.340326196167155,55.97200031280518,52.6036744294432
2015-10-20,59.7400016784668,5432000,91.20370779181405,1.3240006027265352,0.9453125558990529,0.37868804682748225,59.90283649261355,56.24900035858154,52.59516422454953
2015-10-21,59.84000015258789,5204700,93.90625735745097,1.4008963195454314,1.0364293086283287,0.36446701091710265,60.398377765872894,56.52100028991699,52.64362281396109
2015-10-22,61.400001525878906,7372700,94.67213926355494,1.5696221750986012,1.1430678819223834,0.42655429317621785,61.19540867797851,56.86050033569336,52.525591993408206
2015-10-23,61.04999923706055,8025000,89.11762725936563,1.6560069542718665,1.24565569639228,0.4103512578795865,61.77475519139893,57.17350025177002,52.57224531214111
2015-10-26,61.400001525878906,5101700,93.85063489802815,1.7327358731962903,1.3430717317530823,0.38966414144320805,62.31697856926535,57.512000274658206,52.70702198005106
2015-10-27,61.060001373291016,4500900,88.62272952842262,1.7459823260138663,1.4236538506052392,0.3223284754086271,62.647168661456206,57.85350036621094,53.05983207096567
2015-10-28,61.439998626708984,5143900,88.46734933691455,1.766776537741734,1.4922783880325383,0.2744981497091956,62.96519287533674,58.20550022125244,53.445807567168146
2015-10-29,61.529998779296875,6018100,87.82048186215864,1.7701135928604117,1.547845428998113,0.22226816386229875,63.16174565106459,58.57100009918213,53.980254547299666
2015-10-30,60.470001220703125,6882500,72.63158981630946,1.6679976502552023,1.5718758732495308,0.09612177700567148,63.16468847637834,58.85150012969971,54.53831178302108
2015-11-02,60.5,5921200,72.08589621098785,1.5713768269015276,1.57177606397993,-0.00039923707840250344,63.199122502923544,59.09000015258789,54.98087780225224
2015-11-03,57.849998474121094,12133800,51.648347041786856,1.266373190279083,1.5106954892397608,-0.24432229896067792,62.99285860740357,59.21200008392334,55.431141560443116
2015-11-04,58.029998779296875,9298800,50.89285600246252,1.027337622508803,1.4140239158935692,-0.38668629338476634,62.81591798069322,59.31849994659424,55.82108191249525
2015-11-05,58.04999923706055,5382100,45.87944713642022,0.8299469706299476,1.297208526840845,-0.4672615562108975,62.675226076914285,59.402499961853025,56.129773846791764
2015-11-06,57.09000015258789,7996300,34.23313365854207,0.589256966315304,1.1556182147357368,-0.5663612484204328,62.644622494697565,59.41649990081787,56.18837730693817
2015-11-09,57.08000183105469,6247700,33.5396008635948,0.39316941060386057,1.0031284539093617,-0.6099590433055011,62.67815438318952,59.39750003814697,56.11684569310442
2015-11-10,56.790000915527344,4866800,31.55986053061652,0.21192502001176194,0.8448877671298417,-0.6329627471180798,62.75035731487701,59.356000137329104,55.9616429597812
2015-11-11,57.209999084472656,8123400,20.617082360041223,0.10101345658610228,0.6961129050210938,-0.5950994484349915,62.774596740527194,59.339000129699706,55.90340351887222
2015-11-12,56.7599983215332,5254100,20.33192634411438,-0.022931714726453833,0.5523039810715843,-0.5752356957980381,62.85229674387786,59.28350009918213,55.7147034544864
2015-11-13,56.279998779296875,4651700,15.217339474172505,-0.15806898662007995,0.4102293875332515,-0.5682983741533314,62.970168170366215,59.161499977111816,55.35283178385742
2015-11-16,56.77000045776367,5152000,21.438055569665252,-0.22305595763774022,0.2835723184990532,-0.5066282761367934,62.96285570661299,59.01700000762939,55.07114430864579
2015-11-17,56.68000030517578,3883400,17.03601086079574,-0.27860922678807043,0.17113600944162846,-0.44974523622969886,62.92736897047744,58.863999938964845,54.80063090745225
2015-11-18,57.060001373291016,6322200,20.23969104500887,-0.28864535841759675,0.07917973586978344,-0.3678250942873802,62.83768927785908,58.725,54.612310722140926
2015-11-19,57.459999084472656,5583700,28.02917659323512,-0.26131036939013086,0.011081714817800584,-0.27239208420793143,62.475308765285654,58.52799987792969,54.58069099057372
2015-11-20,57.130001068115234,6329000,26.433566358947658,-0.2632407995835635,-0.04378278806247224,-0.21945801152109126,62.13882281995019,58.331999969482425,54.52517711901466
2015-11-23,57.619998931884766,4521800,47.695392619966256,-0.22266520106308718,-0.07955927066259523,-0.14310593040049197,61.67380910939979,58.14299983978272,54.612190570165644
2015-11-24,57.56999969482422,3714300,45.267492296027214,-0.1923262501807912,-0.10211266656623444,-0.09021358361455675,61.22674735077144,57.968499755859376,54.71025216094731
2015-11-25,57.5,2980100,44.39918422841605,-0.171948685969177,-0.11607987044682297,-0.05586881552235404,60.59317721864406,57.77149982452393,54.9498224304038
2015-11-27,57.75,1767900,57.857153886047534,-0.13408080875530004,-0.1196800581085184,-0.014400750646781646,59.78195336141558,57.58249988555908,55.38304640970258
2015-11-30,57.599998474121094,7878400,55.99074979080674,-0.1148501912503832,-0.11871408473689136,0.0038638934865081603,59.16979667547999,57.43899974822998,55.70820282097998
2015-12-01,57.88999938964844,4852100,62.67280417402066,-0.07534065787824318,-0.11003939936516173,0.03469874148691855,58.30559534127089,57.3084997177124,56.311404094153914
2015-12-02,57.84000015258789,5269500,57.934527452866355,-0.047515855396312645,-0.09753469057139193,0.05001883517507928,58.3039616802897,57.307999801635745,56.31203792298179
2015-12-03,57.09000015258789,5165000,53.86419309708993,-0.0850033650712021,-0.09502842547135397,0.010025060400151872,58.20062765271508,57.260999870300296,56.321372087885514
2015-12-04,58.5099983215332,7450900,71.4011666687412,-0.00012901455792047045,-0.07604854328866727,0.0759195287307468,58.32228524594618,57.283999824523924,56.245714403101665
2015-12-07,58.27000045776367,4262000,65.12099379187714,0.04722432522509479,-0.051393969585914856,0.09861829481100964,58.465554751592336,57.34299983978271,56.22044492797309
2015-12-08,58.22999954223633,3227300,65.78413130037876,0.08059539503894086,-0.024996096660943712,0.10559149169988458,58.58256669738733,57.400499725341795,56.21843275329626
2015-12-09,57.33000183105469,5427900,52.486197160538666,0.034027664855372564,-0.013191344357680459,0.047219009213053026,58.57501628009513,57.427499771118164,56.2799832621412
2015-12-10,57.18000030517578,4717800,47.29730525869281,-0.01481073737970462,-0.013515222962085292,-0.0012955144176193274,58.57479110520076,57.42599983215332,56.27720855910589
2015-12-11,56.459999084472656,5310900,43.98561508785795,-0.11034165431649967,-0.03288050923296817,-0.0774611450835315,58.60341237867867,57.410999870300294,56.21858736192192
2015-12-14,57.52000045776367,6497300,49.18568009721888,-0.09937184545097466,-0.04617877647656947,-0.05319306897440519,58.54017660366024,57.47299995422363,56.40582330478702
2015-12-15,57.34000015258789,6042900,48.16587300283577,-0.1040038218757644,-0.05774378555640846,-0.04626003631935594,58.518911430301685,57.50149993896484,56.484088447628
2015-12-16,58.95000076293945,6865100,59.282973802656606,0.02198546262717116,-0.04179793591969254,0.0637833985468637,58.74660311552692,57.61499996185303,56.48339680817914
2015-12-17,58.43000030517578,5165700,54.20792172696216,0.07896295143176957,-0.01764575844940012,0.09660870988116968,58.83925023072046,57.68349990844727,56.527749586174075
2015-12-18,57.130001068115234,11698500,47.45396842190967,0.018999928576612035,-0.010316621044197689,0.029316549620809724,58.84538585710905,57.6670000076294,56.488614158149744
2015-12-21,57.439998626708984,7881700,47.567562440433996,-0.0034670211636935733,-0.008946701068096866,0.005479679904403293,58.83909876433113,57.68249988555908,56.52590100678703
2015-12-22,57.77000045776367,6713700,49.63274027392172,0.005295110390733271,-0.00609833877633084,0.01139344916706411,58.846837715871075,57.689999961853026,56.53316220783498
2015-12-23,58.43000030517578,4148700,57.0974594678254,0.06474924561421602,0.008071178101778534,0.05667806751243749,58.93414154937884,57.73299999237061,56.53185843536237
2015-12-24,58.290000915527344,1785200,48.65197665367831,0.09942419516932688,0.026341781515288203,0.07308241365403867,58.9931793916645,57.77250003814697,56.55182068462945
2015-12-28,58.27000045776367,3376900,50.0,0.12386266106560839,0.045845957425352246,0.07801670364025615,59.03914983064803,57.798500061035156,56.557850291422284
2015-12-29,58.91999816894531,3813300,54.035080048417655,0.19344973625165807,0.07536671319061342,0.11808302306104465,59.197679187038965,57.86450004577637,56.53132090451377
2015-12-30,58.79999923706055,3236800,59.45944220979459,0.23619240473706782,0.1075318514999043,0.12866055323716352,59.307410801105604,57.910000038146975,56.51258927518835
2015-12-31,58.209999084472656,3652200,56.27283126769699,0.21992305984270644,0.13001009316846474,0.0899129666742417,59.331793064786794,57.92849998474121,56.52520690469562
2016-01-04,57.38999938964844,6800600,55.59567135019206,0.13925709534015596,0.13185949360280297,0.007397601737352988,59.315110634084284,57.94349994659424,56.57188925910419
2016-01-05,58.54999923706055,6407700,56.12365793806671,0.16700589051957593,0.13888877298615757,0.028117117533418362,59.32070075455931,57.94549999237061,56.5702992301819
2016-01-06,59.16999816894531,7686600,60.33897808293458,0.23630180278463087,0.15837137894585224,0.07793042383877863,59.46567600200356,57.990499877929686,56.51532375385581
2016-01-07,58.13999938964844,7314200,45.102768586978634,0.20573542911350984,0.16784418897938375,0.03789124013412609,59.45864674256494,57.98599987030029,56.51335299803564
2016-01-08,58.2400016784668,7059500,48.789816840952284,0.18742024281979042,0.1717593997474651,0.01566084307232532,59.474745499881095,58.0314998626709,56.5882542254607
2016-01-11,59.459999084472656,8228800,64.99356606772099,0.26825662505942915,0.1910588448098579,0.07719778024957125,59.663787560429824,58.145499801635744,56.62721204284166
2016-01-12,59.380001068115234,5628400,62.86474913030896,0.32215130926927316,0.21727733770174096,0.1048739715675322,59.683692362788854,58.29149990081787,56.89930743884688
2016-01-13,57.779998779296875,7714600,50.05674420336638,0.2330697389949563,0.22043581796038403,0.012633921034572282,59.6709775281828,58.304499816894534,56.938022105606265
2016-01-14,58.220001220703125,6739100,48.77765323632126,0.19572033038514292,0.21549272044533582,-0.019772390060192907,59.6387590576195,58.348499870300294,57.058240682981086
2016-01-15,57.20000076293945,9785800,44.244981778471164,0.08285998421243335,0.18896617319875533,-0.10610618898632199,59.615273692838315,58.260999870300296,56.90672604776228
2016-01-19,58.400001525878906,7911500,50.610333784291534,0.08921891933483295,0.16901672242597085,-0.0797978030911379,59.61305189424312,58.25949993133545,56.905947968427775
2016-01-20,57.220001220703125,9562900,42.39715160179748,-0.0009468272851194115,0.1350240124837528,-0.1359708397688722,59.60225282501877,58.263999938964844,56.925747052910914
2016-01-21,57.45000076293945,6150900,44.021264992705106,-0.05323117437551872,0.09737297511189849,-0.1506041494874172,59.60146323719462,58.264500045776366,56.92753685435811
2016-01-22,58.279998779296875,6449300,50.30355464976245,-0.027377403134345002,0.07242289946264979,-0.0998003025969948,59.60654973391734,58.28999996185303,56.973450189788714
2016-01-25,58.400001525878906,6677800,54.66298229670802,0.0027632624159537045,0.05849097205331057,-0.05572770963735687,59.604446425384324,58.288500022888186,56.97255362039205
2016-01-26,58.959999084472656,8360900,52.00390941230913,0.0710184237187832,0.060996462386405104,0.010021961332378093,59.67178430377289,58.32199993133545,56.97221555889801
2016-01-27,58.959999084472656,8297200,48.907392970160416,0.12368536293075749,0.07353424249527558,0.05015112043548191,59.73564100397447,58.3564998626709,56.97735872136733
2016-01-28,59.630001068115234,7445900,58.054059805355664,0.21698656627424384,0.10222470725106925,0.1147618590231746,59.865535936827136,58.39200000762939,56.91846407843165
2016-01-29,61.11000061035156,10240000,63.49952325260506,0.40567565982688336,0.16291489776623208,0.24276076206065128,60.414162756005624,58.507500076293944,56.600837396582264
2016-02-01,60.939998626708984,6017600,57.72441894589384,0.5353244989883663,0.23739681801065893,0.2979276809777074,60.83122948136786,58.64400005340576,56.45677062544366
2016-02-02,60.4900016784668,6734700,55.577889948143145,0.5949034682837251,0.30889814806527216,0.28600532021845293,61.05048264252963,58.79900016784668,56.54751769316373
2016-02-03,59.84000015258789,7979700,61.44444722304991,0.5829506476526163,0.363708647982741,0.2192419996698753,61.15843962216465,58.86350021362305,56.56856080508145
2016-02-04,59.47999954223633,6364700,57.062769289983216,0.5382245925129894,0.3986118368887907,0.13961275562419867,61.18680731176311,58.8790002822876,56.57119325281209
2016-02-05,59.79999923706055,7506300,65.81507352804684,0.5225762390133539,0.4234047173137034,0.09917152169965054,61.277290861665854,58.9620002746582,56.64670968765055
2016-02-08,60.119998931884766,7922900,61.716603339575094,0.5298878894025947,0.4447013517314817,0.085186537671113,61.40034021143155,59.0560001373291,56.71166006322665
2016-02-09,60.45000076293945,7670800,74.88442763391848,0.5559027143853896,0.46694162426226327,0.08896109012312636,61.526317253760844,59.10550022125244,56.68468318874404
2016-02-10,60.04999923706055,6137500,69.51949733085894,0.5380406724711904,0.4811614339040487,0.056879238567141666,61.59411164166206,59.13900012969971,56.68388861773736
2016-02-11,59.9900016784668,5865900,64.51614574596721,0.5131285475227187,0.48755485662778275,0.025573690894935996,61.64528968951867,59.2495002746582,56.85371085979774
2016-02-12,59.970001220703125,6719700,63.557853597344604,0.4861674040232913,0.4872773661068845,-0.0011099620835932078,61.70210675642065,59.3370002746582,56.971893792895756
2016-02-16,60.29999923706055,6590900,62.050358108047845,0.4858282598055439,0.4869875448466164,-0.0011592850410724886,61.666024443829166,59.49200019836426,57.31797595289935
2016-02-17,60.400001525878906,5311700,62.720861393131926,0.48800343469959273,0.48719072281721165,0.0008127118823810786,61.738346766467345,59.59200019836426,57.44565363026118
2016-02-18,60.619998931884766,5524700,59.50094086119917,0.5016959894723243,0.49009177614823424,0.011604213324090062,61.638992082825595,59.76200008392334,57.885008085021084
2016-02-19,60.560001373291016,4982300,42.7440678392592,0.501920311307039,0.4924574831799952,0.009462828127043743,61.47635124919319,59.91750011444092,58.358648979688645
2016-02-22,61.209999084472656,4590500,53.161603176120494,0.5482278417127517,0.5036115548865465,0.04461628682620522,61.52236821276058,60.06400012969971,58.60563204663883
2016-02-23,61.52000045776367,4686100,62.469727170453346,0.6029905139260521,0.5234873466944476,0.07950316723160444,61.5939535649028,60.22000007629394,58.84604658768509
2016-02-24,61.36000061035156,4186900,70.8791525493003,0.6262605340839258,0.5440419841723433,0.0822185499115825,61.669091828895,60.34000015258789,59.01090847628078
2016-02-25,62.380001068115234,5207200,83.72098387357192,0.718722717059606,0.5789781307497959,0.13974458630981013,61.9665292645228,60.51100025177002,59.055471239017244
2016-02-26,61.540000915527344,5543600,68.04982537060765,0.7159654668533761,0.606375597970512,0.10958986888286415,62.0692633246903,60.606500244140626,59.143737163590956
2016-02-29,61.56999969482422,6266400,66.00444122201816,0.7080391424835355,0.6267083068731167,0.08133083561041876,62.139306655563196,60.629500198364255,59.119693741165314
2016-03-01,61.72999954223633,7102000,64.67890871484741,0.7065237577425094,0.6426713970469953,0.06385236069551414,62.25254611644113,60.669000244140626,59.08545437184012
2016-03-02,61.5,5623100,67.30314890734635,0.678937395869653,0.6499245968115269,0.029012799058126038,62.34292723981933,60.71950016021729,59.09607308061524
2016-03-03,62.22999954223633,5119100,73.04527879511906,0.7078205528044208,0.6615037880101057,0.046316764794315124,62.53984708953834,60.839000129699706,59.13815316986107
2016-03-04,62.97999954223633,5930900,76.9230979204754,0.7822125355561127,0.6856455375193071,0.09656699803680557,62.84160585111544,61.01400012969971,59.18639440828398
2016-03-07,61.810001373291016,9973000,61.74186513398323,0.7382495622912231,0.6961663424736904,0.04208321981753271,62.88106050286338,61.11450023651123,59.34793997015909
2016-03-08,62.29999923706055,5875100,63.92962598562829,0.7344806856203903,0.7038292111030304,0.030651474517359834,63.000679983727274,61.22350025177002,59.446320519812765
2016-03-09,62.810001373291016,5932700,65.4008762545323,0.7638416428497052,0.7158316974523654,0.048009945397339826,63.213310622084,61.3415002822876,59.46968994249119
2016-03-10,63.0,6126100,66.85083309579272,0.7932970793583038,0.7313247738335531,0.06197230552475075,63.39687720008591,61.48900032043457,59.58112344078323
2016-03-11,62.0099983215332,7469800,55.27704120327057,0.7283597851285535,0.7307317760925531,-0.0023719909639996484,63.37357403721812,61.59000015258789,59.80642626795766
2016-03-14,62.0099983215332,4755100,53.3700006191671,0.6691825912433842,0.7184219391227193,-0.04923934787933515,63.31124723840189,61.692000007629396,60.0727527768569
2016-03-15,61.86000061035156,5815100,53.44352877629043,0.6032270510824702,0.6953829615146696,-0.0921559104321994,63.25133627369696,61.77000007629395,60.28866387889094
2016-03-16,62.06999969482422,5282300,47.596886020864346,0.5614301639504191,0.6685924020018196,-0.10716223805140046,63.19096455111989,61.85349998474121,60.516035418362534
2016-03-17,62.33000183105469,7225100,56.72914457129786,0.54302616166364,0.6434791539341836,-0.1004529922705436,63.15781561432285,61.93900012969971,60.720184645076564
2016-03-18,61.540000915527344,16636600,49.773764768293,0.4593987231727965,0.6066630677819063,-0.14726434460910975,63.04088796298722,61.988000106811526,60.93511225063583
2016-03-21,61.720001220703125,4124700,49.92482462425219,0.40300233590000545,0.5659309214055261,-0.1629285855055207,63.01025850478365,62.01350021362305,61.016741922462444
2016-03-22,61.0,5198500,46.498599140464215,0.2967885181697909,0.5121024407583791,-0.21531392258858817,63.06251542513509,61.98750019073486,60.91248495633464
2016-03-23,61.40999984741211,6229300,43.9882717630726,0.242896899306686,0.45826133246804046,-0.21536443316135445,63.05908734408755,61.99000015258789,60.92091296108823
2016-03-24,60.880001068115234,5652700,34.09091697251684,0.15562696026140088,0.39773445802671253,-0.24210749776531165,63.07544448788674,61.91500015258789,60.754555817289045
2016-03-28,61.630001068115234,4468500,48.54368692324311,0.14530860961041725,0.3472492883434535,-0.20194067873303623,63.07450688717742,61.91950016021728,60.764493433257144
2016-03-29,62.029998779296875,8973300,47.783247528746465,0.16747714250392676,0.31129485917554817,-0.1438177166716214,63.08647029931259,61.94250011444092,60.79852992956925
2016-03-30,62.58000183105469,6623100,48.12398448482616,0.226811967076344,0.29439828075570734,-0.06758631367936335,63.15850588328538,61.98500022888184,60.811494574478296
2016-03-31,62.65999984741211,6442800,47.17607868161031,0.277096221626536,0.29093786892987306,-0.013841647303337035,63.230161187153584,62.04300022125244,60.8558392553513
2016-04-01,63.060001373291016,5833100,59.66853584480435,0.3452438792886596,0.3017990710016304,0.043444808287029235,63.354336228461285,62.084500312805176,60.814664397149066
2016-04-04,63.22999954223633,5093000,60.89287101006399,0.40826262307896855,0.32309178141709805,0.0851708416618705,63.40820065198772,62.09700031280518,60.78579997362264
2016-04-05,62.93000030517578,4729100,59.30434517238451,0.4290521541682182,0.3442838559673221,0.0847682982008961,63.50754199823136,62.15300025939941,60.798458520567465
2016-04-06,63.560001373291016,5581300,62.074564014865565,0.49070726055024494,0.3735685368839067,0.11713872366633826,63.70941636892511,62.216000366210935,60.72258436349676
2016-04-07,63.40999984741211,5600200,58.91087270307751,0.521454504106508,0.40314573032842693,0.11830877377808102,63.8119996582554,62.24600028991699,60.68000092157858
2016-04-08,63.79999923706055,5044800,69.96465002173568,0.5707127857922742,0.4366591414211964,0.13405364437107786,63.96954781123926,62.28600025177002,60.60245269230078
2016-04-11,63.310001373291016,5929000,63.31658997865174,0.5637134585411943,0.462070004845196,0.10164345369599825,64.0891772873306,62.35100040435791,60.61282352138522
2016-04-12,63.81999969482422,4980600,74.47918736274362,0.5924891969307069,0.4881538432622982,0.10433535366840868,64.28990524241641,62.44150047302246,60.59309570362851
2016-04-13,62.06999969482422,14748200,54.64788974549503,0.4686811378691331,0.4842593021836652,-0.015578164314532073,64.28884650376183,62.45200042724609,60.61515435073034
2016-04-14,61.59000015258789,7386500,55.035457769380024,0.32804886443317116,0.4530172146335664,-0.12496835020039526,64.29810411192565,62.42800045013428,60.557896788342894
2016-04-15,61.68000030517578,6738700,50.39123060786258,0.22130793457515807,0.4066753586218848,-0.18536742404672674,64.29513424388784,62.395500373840335,60.495866503792826
2016-04-18,62.16999816894531,4344000,51.08024291631444,0.17424512185804275,0.3601893112691164,-0.18594418941107366,64.28739176776273,62.42700023651123,60.56660870525973
2016-04-19,61.709999084472656,4966500,43.19245799350247,0.09869176473589647,0.30788980196247245,-0.20919803722657598,64.28769709186696,62.426500129699704,60.56530316753245
2016-04-20,61.47999954223633,4636900,40.97858167776858,0.02002530476395492,0.25031690252276895,-0.23029159775881403,64.24544610458685,62.450500106811525,60.6555541090362
2016-04-21,60.18000030517578,6611700,30.645130691994098,-0.1455398130395622,0.17114555941030274,-0.31668537244986494,64.40475813035034,62.38900012969971,60.37324212904907
2016-04-22,60.52000045776367,6978100,32.19447053857961,-0.24647498076419794,0.08762145137540261,-0.33409643213960055,64.44896383375753,62.371000099182126,60.29303636460672
2016-04-25,61.220001220703125,4785800,39.32584109131849,-0.26690589198617687,0.01671598270308671,-0.2836218746892636,64.46697666994903,62.35050010681152,60.23402354367402
2016-04-26,61.349998474121094,5619400,35.28624741517113,-0.26950120230640096,-0.04052745429881083,-0.22897374800759013,64.47606434322846,62.31650009155273,60.15693583987701
2016-04-27,61.54999923706055,6189400,37.698392274521325,-0.25250884950449404,-0.08292373333994747,-0.16958511616454658,64.44711407302498,62.26499996185303,60.08288585068108
2016-04-28,62.189998626708984,5545000,39.69268446600519,-0.18526407648824517,-0.10339180196960701,-0.08187227451863816,64.41581211902407,62.24149990081787,60.06718768261168
2016-04-29,62.709999084472656,6470300,46.17345114141788,-0.08898663573952348,-0.1005107687235903,0.01152413298406682,64.3760945529354,62.22399978637695,60.07190501981851
2016-05-02,63.119998931884766,4740200,45.47802777042602,0.020165040831400916,-0.07637560681259206,0.09654064764399298,64.36030693197696,62.218499755859376,60.07669257974179
2016-05-03,63.20000076293945,5197900,59.308087603608065,0.1118348475641966,-0.038733515937234335,0.15056836350143094,64.39597864751727,62.23199977874756,60.06802090997784
2016-05-04,63.22999954223633,5468800,64.5907545776407,0.18477451503306952,0.005968090256826437,0.1788064247762431,64.34154329810949,62.21549968719482,60.08945607628016
2016-05-05,62.84000015258789,8835500,59.79730535198671,0.2087042232485956,0.046515316855180275,0.16218890639341532,64.2602487181211,62.18699970245361,60.11375068678611
2016-05-06,62.93000030517578,7225400,56.88408150741448,0.23225367378631745,0.08366298824140772,0.14859068554490973,64.10790160801204,62.143499755859374,60.179097903706705
2016-05-09,63.65999984741211,6759300,66.83939325858984,0.306290914200396,0.1281885734332054,0.17810234076719061,64.17477205378898,62.16099967956543,60.14722730534187
2016-05-10,64.5999984741211,6489200,74.00000586876847,0.4357924498269483,0.189709348711954,0.24608310111499432,64.37297188548646,62.19999961853027,60.02702735157408
2016-05-11,64.61000061035156,4776400,92.51440579306912,0.5330853623980261,0.25838455144916844,0.2747008109488576,64.75044717883436,62.32699966430664,59.90355214977892
2016-05-12,65.0199966430664,5652800,92.61364087914406,0.6359431926643282,0.33389627969220037,0.3020469129721278,65.1746332068938,62.49849948883057,59.82236577076734
2016-05-13,64.58000183105469,5643500,83.4662147785647,0.6741832947049176,0.4019536826947438,0.27222961201017376,65.44426059365988,62.643499565124515,59.84273853658915
2016-05-16,64.76000213623047,4811000,83.62928006693411,0.7108194868053843,0.46372684351687193,0.24709264328851238,65.71740461422225,62.77299976348877,59.8285949127553
2016-05-17,63.880001068115234,6949500,70.26091237064841,0.6612230337375209,0.5032260815610018,0.1579969521765191,65.82089670943935,62.8814998626709,59.94210301590245
2016-05-18,62.9900016784668,6277100,56.66670057512992,0.5438330062766354,0.5113474665041285,0.0324855397725069,65.82143965315146,62.956999969482425,60.09256028581339
2016-05-19,63.349998474121094,4379800,55.47945742358506,0.47438092850305225,0.5039541589039134,-0.029573230400861128,65.6666233085229,63.115499877929686,60.56437644733647
2016-05-20,62.959999084472656,4815400,48.625428089206416,0.3834497945660118,0.4798532860363331,-0.09640349147032129,65.4808046876624,63.23749980926514,60.99419493086788
2016-05-23,63.2400016784668,3709800,50.33223412398676,0.3301740441981522,0.44991743766869696,-0.11974339347054475,65.37136999938387,63.33849983215332,61.30562966492277
2016-05-24,63.790000915527344,5209700,54.28136295736339,0.32854569978146486,0.42564309009125056,-0.0970973903097857,65.27167580296559,63.460499954223636,61.64932410548169
2016-05-25,63.91999816894531,4265900,58.59872766226011,0.33389597209482247,0.40729366649196497,-0.0733976943971425,65.15927177341374,63.57899990081787,61.998728028222
2016-05-26,64.0,3732700,58.53270789223917,0.3406646110330698,0.393967855400186,-0.0533032443671162,65.11653632040459,63.66949996948242,62.222463618560255
2016-05-27,63.959999084472656,3255700,52.68816983772468,0.33889450171432856,0.38295318466301453,-0.04405868294868598,65.11091756495198,63.73199996948242,62.35308237401288
2016-05-31,63.63999938964844,6922600,40.32257320232082,0.3081185771428423,0.36798626315898014,-0.059867686016137844,65.10762871750163,63.75799999237061,62.408371267239595
2016-06-01,64.3499984741211,5993500,47.70315663475614,0.33713316631521906,0.36181564379022796,-0.0246824774750089,65.1630191097137,63.81549987792969,62.46798064614567
2016-06-02,64.30999755859375,3673000,43.28922508905779,0.3528324646695751,0.3600190079660974,-0.007186543296522352,65.20472977332174,63.86949977874756,62.534269784173375
2016-06-03,65.30000305175781,6829500,56.16438982521644,0.4400863991349979,0.37603248619987756,0.06405391293512036,65.38059785200362,63.992499923706056,62.60440199540849
2016-06-06,65.19999694824219,4813400,53.81939293434493,0.4954548193145314,0.39991695282280837,0.09553786649172302,65.49950912470169,64.10599975585937,62.71249038701705
2016-06-07,65.0999984741211,4177200,62.248952300266794,0.5252113406726977,0.42497583039278625,0.10023551027991146,65.62235803654245,64.17799968719483,62.733641337847196
2016-06-08,65.62000274658203,5437700,78.52488276663298,0.5840213624382642,0.45678493680188187,0.12723642563638232,65.8023691891282,64.22899990081787,62.65563061250754
2016-06-09,65.86000061035156,4638100,77.950944325973,0.6425872049491659,0.49394539043133867,0.1486418145178272,66.02023284914344,64.29149990081787,62.562766952492304
2016-06-10,66.12999725341797,5208200,86.26991581498152,0.7026873869336612,0.5356937897318033,0.1669935972018579,66.23787656321964,64.34699993133545,62.45612329945126
2016-06-13,64.83999633789062,7761100,64.86981480312862,0.6388605346921707,0.5563271387238768,0.0825333959682939,66.26116795622369,64.35999965667725,62.458831357130805
2016-06-14,65.30000305175781,7870400,64.27218827384394,0.6182689719659749,0.5687155053722965,0.04955346659367832,66.32702784331717,64.38699970245361,62.44697156159004
2016-06-15,65.33000183105469,5361500,63.583803982559765,0.5974832459908868,0.5744690534960146,0.023014192494872132,66.42791876576966,64.45949974060059,62.491080715431515
2016-06-16,65.94999694824219,5778300,67.01564755194103,0.6238475071137799,0.5843447442195677,0.03950276289421217,66.55571205599126,64.60749950408936,62.65928695218746
2016-06-17,65.4000015258789,7311700,61.53847094352541,0.593519615245313,0.5861797184247168,0.0073398968205962145,66.5943061849119,64.70999965667724,62.82569312844258
2016-06-20,65.87999725341797,5787300,67.4999791383793,0.6012849475709174,0.589200764253957,0.012084183316960484,66.61790496894056,64.8559995651245,63.09409416130845
2016-06-21,66.18000030517578,4710400,65.27546037431125,0.6244485146605854,0.5962503143352826,0.028198200325302736,66.68603089627985,65.00299949645996,63.319968096640075
2016-06-22,66.1500015258789,4919400,65.38463991957244,0.6330873211298353,0.6036177156941932,0.029469605435642143,66.77664967720837,65.12099952697754,63.46534937674671
2016-06-23,66.30999755859375,5042000,59.80578353233979,0.6454041627552982,0.6119750051064142,0.03342915764888399,66.87604543447016,65.24049949645996,63.604953558449765
2016-06-24,67.0199966430664,16923900,65.7986444548348,0.7043371803086131,0.630447440146854,0.07388974016175909,67.10079601720399,65.39149932861328,63.68220264002257
2016-06-27,67.93000030517578,11135200,71.53733066091306,0.8150760226020424,0.6673731566378918,0.1477028659641506,67.50859541306839,65.58999938964844,63.67140336622848
2016-06-28,67.91000366210938,8631600,68.8633178524519,0.8909534343810179,0.712089212186517,0.17886422219450093,67.75841641830284,65.80349960327149,63.84858278824014
2016-06-29,67.83000183105469,7191100,66.66670969774113,0.9338663210823341,0.7564446339656805,0.17742168711665363,68.00580465885044,65.97749977111816,63.949194883385886
2016-06-30,68.95999908447266,9858600,70.90108141489999,1.0469874084163564,0.8145531888558157,0.23243421956054067,68.4845830353458,66.2099998474121,63.9354166594784
2016-07-01,69.0199966430664,7087400,87.72573219654143,1.128469690535482,0.877336489191749,0.25113320134373307,68.9486568186707,66.39599952697753,63.84334223528437
2016-07-05,69.61000061035156,7905300,88.00714770121748,1.2265148754488706,0.9471721664431734,0.27934270900569724,69.47742542013448,66.616499710083,63.75557400003153
2016-07-06,69.72000122070312,6665600,88.1740090385345,1.2981285034808678,1.0173634338507123,0.2807650696301556,69.93032083753361,66.84749984741211,63.76467885729061
2016-07-07,69.30000305175781,5330900,80.18030154732709,1.3059384321544059,1.0750784335114512,0.2308599986429547,70.24246406263391,67.0314998626709,63.820535662707876
2016-07-08,69.83000183105469,5339500,90.05431640929491,1.3394539377866437,1.1279535343664897,0.21150040342015397,70.62178690740043,67.22999992370606,63.83821294001168
2016-07-11,69.87000274658203,5101300,89.19458117741578,1.3536390487054035,1.1730906372342726,0.18054841147113088,70.96235347907025,67.41700019836426,63.871646917658275
2016-07-12,68.87000274658203,7752900,73.22975440963702,1.2695545737989562,1.1923834245472094,0.07717114925174684,71.0015382966216,67.61850051879883,64.23546274097605
2016-07-13,69.08000183105469,5661300,74.53939238261007,1.2059606292712317,1.1950988654920138,0.010861763779217881,71.06519169452409,67.80750045776367,64.54980922100324
2016-07-14,68.91999816894531,5170500,71.85929712460064,1.129629347786107,1.1820049619508326,-0.05237561416472558,71.0603105403437,67.9870002746582,64.9136900089727
2016-07-15,69.41000366210938,5714100,70.78264215533427,1.0960411255896503,1.1648121946785963,-0.06877106908894604,71.13858539314654,68.16000061035156,65.18141582755658
2016-07-18,69.16999816894531,4570000,62.20468065486515,1.0380893323845868,1.1394676222197946,-0.1013782898352078,71.05652753954934,68.34850044250489,65.64047334546044
2016-07-19,69.22000122070312,4725400,62.81794021917645,0.9848442753711453,1.1085429528500648,-0.1236986774789195,70.98390841187611,68.51550064086913,66.04709286986215
2016-07-20,69.01000213623047,4272300,61.25951669945066,0.9151527023072958,1.069864902741511,-0.15471220043421519,70.87327782803436,68.65700073242188,66.4407236368094
2016-07-21,68.7300033569336,5259500,47.38046742485332,0.8277858669166989,1.0214490955765487,-0.19366322865984986,70.6621061779187,68.7860008239746,66.9098954700305
2016-07-22,68.86000061035156,5772400,48.20632827160557,0.7602727612062239,0.9692138287024837,-0.20894106749625985,70.38381577928315,68.9135009765625,67.44318617384185
2016-07-25,68.80000305175781,3916700,39.69470835582027,0.6939276707337854,0.9141565971087441,-0.22022892637495872,70.17569071212864,69.00250129699707,67.8293118818655
2016-07-26,67.93000030517578,7358700,30.91687556630646,0.5646379628501421,0.8442528702570238,-0.27961490740688166,70.17569071212864,69.00250129699707,67.8293118818655
2016-07-27,66.75,11250200,26.605528988834507,0.362776908535821,0.7479576779127833,-0.38518076937696233,70.4206771306302,68.9445011138916,67.46832509715301
2016-07-28,67.11000061035156,5816400,24.242481164982323,0.22920744847674257,0.6442076320255752,-0.4150001835488326,70.52734193850836,68.90850105285645,67.28966016720454
2016-07-29,67.69999694824219,6147700,31.389345823011425,0.1690121953450756,0.5491685446894753,-0.3801563493443997,70.55162104217382,68.84550094604492,67.13938084991602
2016-08-01,67.6500015258789,5038200,37.5,0.11593636851100086,0.46252210945378047,-0.3465857409427796,70.56181686698766,68.77700119018554,66.99218551338343
2016-08-02,67.33999633789062,3974400,32.53010386984097,0.04830177273584013,0.3796780421101924,-0.3313762693743523,70.5128190410578,68.6635009765625,66.81418291206721
2016-08-03,66.37000274658203,5662900,27.97931762389858,-0.08261714887601102,0.28721900391295174,-0.36983615278896276,70.53910030173506,68.49600105285644,66.45290180397782
2016-08-04,66.62000274658203,3512800,24.86483588540227,-0.16430442764455222,0.19691431760145095,-0.36121874524600317,70.53075228720846,68.36200103759765,66.19324978798684
2016-08-05,66.52999877929688,4695200,25.555533577850994,-0.23361182090596344,0.11080908989996807,-0.3444209108059315,70.39739531642277,68.19700088500977,65.99660645359677
2016-08-08,66.48999786376953,4947300,24.675254820751405,-0.28844119839321536,0.030959032241331383,-0.31940023063454676,70.20645720655845,68.02800064086914,65.84954407517982
2016-08-09,66.62000274658203,3305200,27.495287302152903,-0.3177408488110842,-0.03878094396915174,-0.27895990484193245,70.14271567386051,67.91550064086914,65.68828560787777
2016-08-10,66.83999633789062,3161400,31.99990699391246,-0.31952609072854443,-0.09492997332103029,-0.22459611740751415,70.00933366469975,67.80350036621094,65.59766706772213
2016-08-11,66.73999786376953,4341000,29.69343535103296,-0.3252605478219266,-0.14099608822120957,-0.18426445960071702,69.88341633987115,67.69450035095215,65.50558436203316
2016-08-12,66.73999786376953,4174700,30.038694071394033,-0.32604668317631536,-0.17800620721223073,-0.14804047596408462,69.63188111281139,67.56100006103516,65.49011900925893
2016-08-15,66.26000213623047,4072500,32.494737784943354,-0.36123722693940863,-0.2146524111576663,-0.14658481578174232,69.4181785405201,67.41550025939941,65.41282197827871
2016-08-16,66.26000213623047,4876700,43.17549575281534,-0.38469150223028237,-0.24866022937218954,-0.13603127285809283,69.14208342392605,67.26750030517579,65.39291718642552
2016-08-17,66.45999908447266,4736700,40.524717789022965,-0.3827292376869309,-0.27547403103513785,-0.10725520665179306,68.85571167847236,67.14000015258789,65.42428862670342
2016-08-18,66.30999755859375,4432600,26.75578713154242,-0.38879619787053343,-0.298138464402217,-0.09065773346831646,68.5984992106162,67.0189998626709,65.4395005147256
2016-08-19,66.33000183105469,3274800,27.70270096114936,-0.3875230059334882,-0.31601537270847124,-0.07150763322501696,68.23929153003776,66.89249992370605,65.54570831737435
2016-08-22,66.33999633789062,2963100,31.202925570055925,-0.3813119916946732,-0.3290746965057117,-0.05223729518896153,67.79341227178016,66.76949958801269,65.74558690424523
2016-08-23,66.45999908447266,3072800,52.48609003540717,-0.36252750797174826,-0.335765258798919,-0.026762249172829267,67.56909083969364,66.69599952697754,65.82290821426145
2016-08-24,66.16000366210938,5184600,37.63438654924465,-0.36761021102154245,-0.3421342492434437,-0.025475961778098744,67.5712056319161,66.666499710083,65.7617937882499
2016-08-25,65.91999816894531,4749100,34.82581399409385,-0.38654883296798914,-0.3510171659883528,-0.035531666979636334,67.54481418483971,66.6069995880127,65.66918499118569
2016-08-26,65.83000183105469,5136300,33.98060050294991,-0.4041608647752071,-0.3616459057457237,-0.04251495902948338,67.36101573587462,66.51349983215331,65.66598392843201
2016-08-29,66.0999984741211,3616800,38.18162271636449,-0.39181544962428916,-0.36767981452143683,-0.024135635102852326,67.11206679454082,66.43599967956543,65.75993256459003
2016-08-30,65.87999725341797,3865600,28.181733060060964,-0.3952279374154273,-0.37318943910023494,-0.022038498315192334,66.93542134158996,66.3629997253418,65.79057810909363
2016-08-31,66.08999633789062,4882000,35.930641565518954,-0.37664545316377485,-0.3738806419129429,-0.0027648112508319445,66.93425284256195,66.34899940490723,65.76374596725252
2016-09-01,66.31999969482422,4515100,41.732297655306645,-0.33944642474210696,-0.3669937984787757,0.027547373736668768,66.905216901924,66.33399925231933,65.76278160271465
2016-09-02,66.87999725341797,4352000,61.83198993616922,-0.2617613815639004,-0.3459473150958007,0.08418593353190029,66.96767561544041,66.35149917602538,65.73532273661036
2016-09-06,67.19999694824219,4722700,65.98633453656537,-0.17238695462560827,-0.3112352430017622,0.13884828837615393,67.10942345799711,66.38699913024902,65.66457480250094
2016-09-07,66.72000122070312,4253500,54.03730828738708,-0.13868998922548315,-0.2767261922465064,0.13803620302102326,67.12255184271913,66.39199905395508,65.66144626519102
2016-09-08,66.4000015258789,4721200,51.3274953694639,-0.13623576134271786,-0.2486281060657487,0.11239234472303083,67.06959208858358,66.3699993133545,65.67040653812542
2016-09-09,63.560001373291016,10546400,27.697214405455824,-0.3593131076655851,-0.270765106385716,-0.08854800127986912,67.63103383643997,66.21099948883057,64.79096514122116
2016-09-12,64.66999816894531,8601900,38.57728816920371,-0.4414473171522104,-0.30490154853901485,-0.13654576861319556,67.66069412064252,66.10749950408936,64.5543048875362
2016-09-13,63.54999923706055,6437700,32.490946390789986,-0.5901113867618477,-0.36194351618358145,-0.22816787057826626,67.89741436470858,65.97199935913086,64.04658435355314
2016-09-14,63.119998931884766,6725400,31.990474094155317,-0.7341631877320083,-0.4363874504932669,-0.2977757372387414,68.1168194769509,65.81499919891357,63.51317892087624
2016-09-15,63.25,5748100,33.973574592335055,-0.8282872977281386,-0.5147674199402412,-0.31351987778789736,68.2015421181234,65.65449924468994,63.10745637125648
2016-09-16,62.79999923706055,7103300,32.56613502286406,-0.9284895838259217,-0.5975118527173774,-0.33097773110854434,68.30436443735051,65.47899932861328,62.653634219876054
2016-09-19,62.720001220703125,3543100,30.11764536926752,-1.0027961786965705,-0.678568717913216,-0.3242274607833544,68.34736545727806,65.2984992980957,62.24963313891335
2016-09-20,62.970001220703125,4137500,32.94256124317222,-1.0296426997069545,-0.7487835142719638,-0.2808591854349908,68.30633877663516,65.12999954223633,61.95366030783751
2016-09-21,63.5,4967100,35.36723719079369,-0.9966633739483086,-0.7983594862072328,-0.19830388774107577,68.17321423626349,64.9819995880127,61.790784939761906
2016-09-22,64.12000274658203,4586700,38.09524202710915,-0.9100079751342989,-0.8206891839926461,-0.08931879114165275,68.0429614017508,64.87999954223633,61.71703768272187
2016-09-23,63.869998931884766,4428500,33.146699303059236,-0.851688431650345,-0.8268890335241859,-0.024799398126159167,67.93140896526747,64.7774995803833,61.62359019549914
2016-09-26,63.029998779296875,4793900,27.936510499503484,-0.863299189735173,-0.8341710647663834,-0.02912812496878958,67.84285458985333,64.6374994277954,61.432144265737485
2016-09-27,63.31999969482422,4487000,31.64146467863037,-0.8394237939506155,-0.8352216106032299,-0.004202183347385646,67.67782134870325,64.49849948883056,61.31917762895788
2016-09-28,63.77000045776367,7021000,35.99573924054644,-0.7752544196518656,-0.8232281724129571,0.047973752761091504,67.5188843158086,64.39299964904785,61.2671149822871
2016-09-29,62.81999969482422,5211500,45.06665798611553,-0.7919279972915945,-0.8169681373886846,0.025040140097090102,67.32356453243379,64.22949981689453,61.13543510135528
2016-09-30,63.22999954223633,6599900,39.41178549530147,-0.7632599805799529,-0.8062265060269382,0.042966525446985315,67.03523732519834,64.07499980926514,61.11476229333193
2016-10-03,62.849998474121094,5113600,44.22442472751079,-0.762414639808469,-0.7974641327832445,0.03504949297477544,66.56636968822403,63.87349987030029,61.18063005237655
2016-10-04,61.779998779296875,7866100,40.00001138714175,-0.838419950873103,-0.8056552964012162,-0.0327646544718867,65.95524515879619,63.60249996185303,61.249754764909866
2016-10-05,61.220001220703125,10026400,35.76439418582753,-0.9330857981093033,-0.8311413967428337,-0.10194440136646954,65.41698156318311,63.32749996185303,61.238018360522936
2016-10-06,61.779998779296875,6217000,42.95579957669515,-0.9519485706360626,-0.8553028315214796,-0.09664573911458307,64.72683438825527,63.096499824523924,61.46616526079258
2016-10-07,61.91999816894531,6315300,44.52052933344203,-0.9447106368815312,-0.8731843925934899,-0.07152624428804133,64.71033345615113,63.01449966430664,61.31866587246215
2016-10-10,61.75,5284100,41.551239512226054,-0.9418350653728282,-0.8869145271493577,-0.05492053822347054,64.46403713916563,62.868499755859375,61.272962372553124
2016-10-11,61.9900016784668,7261000,39.10535769233521,-0.9097035285538766,-0.8914723274302616,-0.018231201123614982,64.39823778090957,62.79049987792969,61.18276197494981
2016-10-12,62.540000915527344,5035600,38.48395269330949,-0.8302876727785815,-0.8792353964999255,0.04894772372134404,64.36513143174547,62.76149997711182,61.15786852247816
2016-10-13,62.689998626708984,4911800,41.27217999968399,-0.7466396757916769,-0.8527162523582759,0.10607657656659897,64.32068946995282,62.733499908447264,61.1463103469417
2016-10-14,62.439998626708984,4716600,45.21879503680846,-0.6925378015051677,-0.8206805621876543,0.12814276068248653,64.30767162642962,62.71549987792969,61.12332812942975
2016-10-17,62.43000030517578,4040800,42.444816343766234,-0.6430557113858484,-0.7851555920272932,0.14209988064144485,64.29827292825918,62.70099983215332,61.10372673604747
2016-10-18,62.65999984741211,3622500,40.21161849734317,-0.5786118800155506,-0.7438468496249449,0.1652349696093942,64.27779043987242,62.68549976348877,61.093209087105116
2016-10-19,61.90999984741211,6374000,41.68188712798786,-0.5813568909930567,-0.7113488578985673,0.12999196690551063,64.18578555421531,62.60599975585937,61.02621395750343
2016-10-20,61.849998474121094,5131400,36.52340417605752,-0.5816688252010067,-0.6854128513590552,0.10374402615804845,63.93445522908647,62.49249954223633,61.050543855386195
2016-10-21,63.70000076293945,15060300,56.44919008501748,-0.42770598337613563,-0.6338714777624712,0.20616549438633558,63.89340276420561,62.48399963378906,61.07459650337251
2016-10-24,64.94999694824219,10831600,73.41213672979052,-0.20249088758177436,-0.5475953597263319,0.34510447214455753,64.35907024369166,62.57999954223633,60.800928840781
2016-10-25,64.70999908447266,5101500,77.0542918076727,-0.04287785422499013,-0.4466518586260636,0.40377400440107347,64.64564751660085,62.64949951171875,60.65335150683666
2016-10-26,64.5199966430664,4700600,72.53289865820406,0.06750683873978858,-0.3438201191528932,0.41132695789268175,64.79672591873705,62.68699932098389,60.57727272323072
2016-10-27,64.43000030517578,5680700,70.81265190804731,0.1460420687951114,-0.2458476815632923,0.3918897503584037,65.01683858735224,62.76749935150146,60.51816011565069
2016-10-28,65.87999725341797,9130900,78.24899413965673,0.321577494837328,-0.13236264628316824,0.45394014112049624,65.54198276662176,62.89999923706055,60.25801570749934
2016-10-31,66.12000274658203,6012300,78.24900549035078,0.474586286834068,-0.010972859659720988,0.485559146493789,66.07179121066913,63.063499450683594,60.055207690698055
2016-11-01,65.4800033569336,6161100,69.86489774540895,0.5380024969241148,0.09882221165704617,0.43918028526706865,66.37711993034117,63.24849967956543,60.11987942878969
2016-11-02,65.12000274658203,4758100,65.96586821994921,0.5528384818164938,0.1896254656889357,0.3632130161275581,66.52558634696446,63.44349975585938,60.36141316475429
2016-11-03,65.06999969482422,7963200,67.74629637161021,0.5541731156310874,0.26253499567736605,0.29163811995372135,66.66736112431322,63.60799980163574,60.54863847895827
2016-11-04,64.37999725341797,5908700,62.05189117414344,0.4938604759647376,0.30880009173484035,0.18506038422989723,66.70111711546205,63.73099975585937,60.7608823962567
2016-11-07,65.2699966430664,7389200,64.91426090163709,0.5119760460446514,0.34943528259680257,0.16254076344784885,66.79899285197698,63.906999588012695,61.01500632404842
2016-11-08,65.83999633789062,6376400,72.92879160499872,0.5658047327764848,0.392709172632739,0.17309556014374577,66.96665237218568,64.09949932098388,61.232346269782084
2016-11-09,64.04000091552734,11233200,60.62077090202996,0.4579409096824065,0.40575552004267257,0.05218538963973396,66.9467944455467,64.17449932098388,61.40220419642107
2016-11-10,61.720001220703125,15240000,40.81632436407234,0.18314231582291995,0.3612328791987221,-0.17809056337580215,67.03806039888005,64.1259994506836,61.21393850248714
2016-11-11,61.7599983215332,7437600,33.33333333333333,-0.031052167799323627,0.28277586979911296,-0.3138280375984366,67.10120330399721,64.09199943542481,61.08279556685241
2016-11-14,61.189998626708984,8980100,32.22221580017147,-0.24398454893892563,0.17742378605150527,-0.4214083349904309,67.22852532810238,64.02999935150146,60.83147337490054
2016-11-15,61.810001373291016,8604600,36.882885817189184,-0.358572553820224,0.0702245180771594,-0.4287970718973834,67.28376741386565,63.98749942779541,60.69123144172517
2016-11-16,62.65999984741211,7641500,42.01983573755572,-0.37645703772815864,-0.019111793083904212,-0.35734524464425443,67.23775994437972,64.02499942779541,60.8122389112111
2016-11-17,62.810001373291016,6550500,34.320764061282944,-0.37421305538958194,-0.09013204554503976,-0.2840810098445422,67.17573873596976,64.0729995727539,60.970260409538035
2016-11-18,62.77000045776367,6905000,32.53387781274253,-0.37138136954940393,-0.14638191034591258,-0.22499945920349135,67.18023210127943,64.02649955749511,60.872767013710806
2016-11-21,63.689998626708984,6933700,40.932092583910794,-0.2915403786242976,-0.1754136040015896,-0.11612677462270801,67.08977683579519,63.96349964141846,60.83722244704172
2016-11-22,64.20999908447266,6731300,45.46359036459839,-0.1841829802303181,-0.1771674792473353,-0.007015500982982786,67.04759136065015,63.93849964141846,60.829407922186775
2016-11-23,64.0199966430664,4788700,44.837742178931464,-0.11312899698277334,-0.16435978279442293,0.05123078581164958,67.01092290878046,63.913499641418454,60.81607637405645
2016-11-25,64.4800033569336,3459400,50.50304868688482,-0.019475010175682428,-0.13538282827067483,0.1159078180949924,67.01525862800113,63.915999794006346,60.81674096001156
2016-11-28,64.83000183105469,5887700,47.65960244367844,0.08204266414922756,-0.09189772978669435,0.17394039393592192,66.85642728049346,63.86350002288818,60.8705727652829
2016-11-29,65.18000030517578,7004400,46.40525048597912,0.1885644506396602,-0.03580529370142343,0.22436974434108364,66.68725453023383,63.816499900817874,60.94574527140192
2016-11-30,63.93000030517578,9381700,49.36268512100938,0.17015770842401423,0.005387306723664102,0.16477040170035012,66.50234500529358,63.73899974822998,60.97565449116638
2016-12-01,62.88999938964844,8675100,57.95916460794287,0.07083431646458394,0.01847670867184807,0.052357607792735864,66.33562973254844,63.6274995803833,60.91936942821816
2016-12-02,63.9900016784668,7635000,63.25802831671833,0.07995908578711663,0.030773184094901783,0.04918590169221485,66.20243317476036,63.57349967956543,60.9445661843705
2016-12-05,63.529998779296875,8448800,64.09636184224738,0.0495015189603194,0.03451885106798531,0.014982667892334094,66.13237440872209,63.530999755859376,60.929625102996674
2016-12-06,64.30000305175781,6749200,64.73370980637175,0.08649947530132351,0.044914975914652946,0.04158449938667057,65.98151775356222,63.482500076293945,60.98348239902567
2016-12-07,65.41000366210938,8147500,65.78644134159688,0.20304778636234033,0.07654153800419042,0.12650624835814991,65.8807616827276,63.46100044250488,61.04123920228218
2016-12-08,65.36000061035156,6695000,64.80832408459659,0.2880577833626461,0.11884478707588156,0.16921299628676453,66.08151145527408,63.527000427246094,60.972489399218105
2016-12-09,66.2699966430664,7464500,68.45986667090521,0.42397062369784067,0.1798699544002734,0.24410066929756727,66.43856273210453,63.754500198364255,61.07043766462398
2016-12-12,66.48999786376953,5590300,65.94529352906137,0.5431734236325241,0.25253064824672355,0.2906427753858005,66.76706992513675,63.991000175476074,61.214930425815396
2016-12-13,66.69000244140625,6968000,64.65719217366836,0.6463307013001582,0.3312906588574105,0.31504004244274775,66.96230102562815,64.26600036621093,61.56969970679371
2016-12-14,65.94000244140625,6359200,60.6430246170086,0.6599572783753587,0.39702398276100015,0.2629332956143585,67.00440976245939,64.4725004196167,61.940591076774005
2016-12-15,66.26000213623047,6465200,60.0225015271655,0.6886395320427567,0.4553470926173515,0.23329243942540523,67.15353975429163,64.65250053405762,62.15146131382362
2016-12-16,67.04000091552734,9694200,61.86893685230135,0.7654857640959563,0.5173748269130725,0.2481109371828838,67.42372486796552,64.86400051116944,62.30427615437336
2016-12-19,67.76000213623047,6987600,63.32643431204331,0.8744054362838085,0.5887809487872198,0.28562448749658875,67.78419457426423,65.11350059509277,62.442806615921306
2016-12-20,67.33999633789062,6976500,69.26546780575694,0.9162718914205783,0.6542791373138914,0.2619927541066869,68.05451576946554,65.29600048065186,62.537485191838165
2016-12-21,67.2699966430664,4643400,77.79178970808927,0.9330473790042078,0.7100327856519547,0.22301459335225304,68.29204409104163,65.44900035858154,62.605956626121454
2016-12-22,67.68000030517578,4858800,75.66055344247545,0.9682643935584707,0.7616791072332579,0.20658528632521278,68.55772282622486,65.632000541687,62.70627825714916
2016-12-23,67.72000122070312,3226400,80.94527587450415,0.9880126757891077,0.8069458209444279,0.18106685484467977,68.80859866152896,65.79400043487549,62.77940220822201
2016-12-27,67.81999969482422,3346400,78.85236654530536,1.0002026592240298,0.8455971886003484,0.15460547062368146,69.05190784234729,65.94350032806396,62.83509281378063
2016-12-28,67.51000213623047,5333300,69.81126643375468,0.9736257451701249,0.8712028999143038,0.10242284525582113,69.22211121560339,66.0600004196167,62.89788962363001
2016-12-29,67.8499984741211,3662800,72.27187921817188,0.968830141510395,0.8907283482335221,0.07810179327687294,69.3473757849844,66.25600032806396,63.16462487114354
2016-12-30,67.62000274658203,5369200,63.74750607554183,0.93568486531791,0.8997196516503997,0.035965213667510265,69.19944105741914,66.49250049591065,63.78555993440215
2017-01-03,67.62999725341797,5799500,62.12766095597999,0.8998505512928574,0.8997458315788912,0.00010471971396619484,69.15281355376186,66.6745002746582,64.19618699555454
2017-01-04,67.8499984741211,7553000,62.28811025136626,0.879070481827398,0.8956107616285927,-0.016540279801194657,68.92884121863732,66.89050025939942,64.85215930016152
2017-01-05,67.93000030517578,8173400,74.56790262997771,0.8591538158422622,0.8883193724713266,-0.029165556629064393,68.75451086644114,67.0720001220703,65.38948937769948
2017-01-06,68.2300033569336,4925900,74.44170989360494,0.8576905310557663,0.8821936041882147,-0.024503073132448372,68.7775831700537,67.21300010681152,65.64841704356934
2017-01-09,67.94999694824219,4815900,62.88943881906697,0.8244331382242223,0.8706415109954162,-0.04620837277119394,68.67246026560456,67.34249992370606,66.01253958180756
2017-01-10,67.72000122070312,5226800,49.34209040327863,0.7706342893562237,0.8506400666675777,-0.08000577731135405,68.65375098398395,67.4150001525879,66.17624932119183
2017-01-11,67.6500015258789,5618700,55.76218932847017,0.7141180157060774,0.8233356564752777,-0.10921764076920037,68.63568400015922,67.47300033569336,66.3103166712275
2017-01-12,67.51000213623047,5007000,54.347934254391056,0.6505327444047424,0.7887750740611708,-0.13824232965642835,68.61671196838381,67.51400032043458,66.41128867248534
2017-01-13,67.58000183105469,4073100,47.93390774701838,0.5988857668252336,0.7507972126139835,-0.15191144578874982,68.4127046588096,67.59600028991699,66.77929592102437
2017-01-17,68.4800033569336,9012500,61.585429677959596,0.6233916950957337,0.7253161091103335,-0.10192441401459984,68.34251567589774,67.70700035095214,67.07148502600654
2017-01-18,69.16000366210938,8063400,67.35759590620967,0.6897323561752984,0.7181993585233265,-0.028467002348028125,68.65405727993574,67.81300048828125,66.97194369662675
2017-01-19,69.55000305175781,7853600,75.88837057993157,0.7649595222218295,0.7275513912630271,0.037408130958802355,69.04628947470668,67.90250053405762,66.75871159340856
2017-01-20,70.01000213623047,10188200,76.60104631759347,0.8518757813077116,0.752416269271964,0.09945951203574754,69.48571280283646,68.0360008239746,66.58628884511275
2017-01-23,70.55000305175781,6508800,83.52400988154369,0.9533415754904837,0.7926013305156681,0.16074024497481565,69.98758584814772,68.20000114440919,66.41241644067065
2017-01-24,70.76000213623047,6510500,84.24507512520869,1.0387253403438592,0.8418261324813063,0.19689920786255288,70.45599598973854,68.35400123596192,66.2520064821853
2017-01-25,70.95999908447266,6112700,84.17580796072289,1.1097382991019344,0.895408565805432,0.2143297332965024,70.89360291500755,68.5160011291504,66.13839934329324
2017-01-26,70.8499984741211,5969700,81.87769652346287,1.1439536648347541,0.9451175856112966,0.19883607922345758,71.2367845921288,68.66750106811523,66.09821754410166
2017-01-27,71.02999877929688,5915600,81.39008965395728,1.172083065011691,0.9905106814913754,0.18157238352031546,71.55712568590546,68.84350090026855,66.12987611463164
2017-01-30,71.30000305175781,8574700,87.64054383047302,1.2023034992496235,1.0328692450430252,0.1694342542065983,71.89715903552771,69.0160011291504,66.13484322277309
2017-01-31,71.18000030517578,11463000,89.86170416610267,1.202706144589044,1.066836624952229,0.13586951963681493,72.15090153602576,69.19400100708008,66.2371004781344
2017-02-01,71.38999938964844,11416300,91.74101630952158,1.2060676182506427,1.0946828236119117,0.11138479463873097,72.39774607230486,69.3820011138916,66.36625615547835
2017-02-02,71.44999694824219,8108500,94.77265279157714,1.199743021169624,1.1156948631234542,0.08404815804616983,72.62215184534926,69.56200103759765,66.50185022984604
2017-02-03,71.48999786376953,6817400,94.73676859554632,1.1843065235992754,1.1294171952186185,0.054889328380656854,72.81456722057406,69.74000091552735,66.66543461048063
2017-02-06,71.29000091552734,5192500,88.2833645854555,1.142761858422574,1.1320861278594097,0.010675730563164398,72.95570611459907,69.89300079345703,66.830295472315
2017-02-07,72.19999694824219,5239900,88.97433389412731,1.16978196827651,1.1396252959428297,0.030156672333680357,73.19025518154363,70.10550079345703,67.02074640537042
2017-02-08,72.1500015258789,4848500,86.51693580360683,1.1736324825515965,1.1464267332645832,0.027205749287013248,73.32551800940591,70.32700080871582,67.32848360802573
2017-02-09,72.48999786376953,5183200,86.04658383715618,1.190396753082581,1.1552207372281829,0.03517601585439811,73.43619083411481,70.56900062561036,67.7018104171059
2017-02-10,72.41999816894531,4154900,81.48154808082572,1.1843813568678172,1.1610528611561097,0.023328495711707475,73.40647267495007,70.81450042724609,68.22252817954211
2017-02-13,72.04000091552734,5175800,70.3822491763128,1.135858044952613,1.1560138979154104,-0.020155852962797427,73.18752174329545,71.03750038146973,68.887479019644
2017-02-14,71.87999725341797,5120200,64.83872396769064,1.072133129010851,1.1392377441344985,-0.06710461512364763,73.0167350609669,71.20750007629394,69.39826509162098
2017-02-15,72.16999816894531,5222300,70.12200086063524,1.0331221353776385,1.1180146223831267,-0.08489248700548813,72.9361053285642,71.35799980163574,69.77989427470729
2017-02-16,72.70999908447266,5594000,73.07697950748374,1.033861491058886,1.1011839961182786,-0.06732250505939263,72.9588952353408,71.51599960327148,70.07310397120216
2017-02-17,72.97000122070312,5568400,73.0027953508901,1.0433997721488169,1.0896271513243863,-0.046227379175569405,73.06304168678194,71.66399955749512,70.26495742820829
2017-02-21,73.6500015258789,5329300,79.47504506637047,1.093227227294264,1.090347166518362,0.0028800607759020824,73.37632382320018,71.81899948120117,70.26167513920217
2017-02-22,73.5999984741211,4401200,77.41940369430104,1.115818554378592,1.0954414440904081,0.020377110288183786,73.62594335155953,71.9609992980957,70.29605524463187
2017-02-23,74.45999908447266,4116800,81.15947981051278,1.1894064683971948,1.1142344489517655,0.07517201944542928,74.07168535002005,72.1359992980957,70.20031324617135
2017-02-24,74.43000030517578,4960000,80.49800084208394,1.2311132623037793,1.1376102116221682,0.09350305068161102,74.40585689094057,72.31499938964843,70.2241418883563
2017-02-27,74.58999633789062,6320000,84.51884447977169,1.2625229608539428,1.1625927614685232,0.09993019938541958,74.72464768338469,72.49299926757813,70.26135085177157
2017-02-28,74.91999816894531,7160900,82.38099044145162,1.2990689053764726,1.1898879902501132,0.10918091512635941,75.07873448584532,72.6739990234375,70.26926356102969
2017-03-01,75.5999984741211,6044100,85.71424058330885,1.3671426024337876,1.2253389126868481,0.14180368974693947,75.52361459654355,72.89499893188477,70.26638326722599
2017-03-02,75.72000122070312,7491100,85.03251175437697,1.4144695915657621,1.263165048462631,0.15130454310313124,75.92495784250042,73.1114990234375,70.29804020437459
2017-03-03,75.56999969482422,6041500,83.5820337091629,1.423463896182355,1.2952248180065757,0.12823907817577918,76.22062924197243,73.3174991607666,70.41436907956077
2017-03-06,75.58000183105469,5762400,90.97209099434332,1.4150867964652036,1.3191972136983015,0.09588958276690218,76.45911326638289,73.52199935913086,70.58488545187883
2017-03-07,76.0999984741211,6108300,95.08540668842453,1.4338784101341133,1.3421334529854638,0.0917449571486495,76.71774397904151,73.76249923706055,70.80725449507959
2017-03-08,75.83999633789062,4860500,89.46226820632467,1.411519778521452,1.3560107180926615,0.05550906042879045,76.94260705114448,73.94449920654297,70.94639136194147
2017-03-09,76.19000244140625,5344900,89.0133650824605,1.4058373514299234,1.365976044760114,0.03986130666980947,77.1797213730261,74.14649925231933,71.11327713161256
2017-03-10,76.44999694824219,6877500,89.0133462884591,1.406104671474111,1.3740017701029135,0.032102901371197534,77.43880971410492,74.34449920654296,71.250188698981
2017-03-13,75.6500015258789,6836200,71.83405240625677,1.3264728267450323,1.3644959814313373,-0.038023154686305016,77.51332671325017,74.50599937438965,71.49867203552913
2017-03-14,75.33999633789062,8255500,67.97516980906036,1.2242369467702332,1.3364441744991165,-0.11220722772888325,77.46305510299109,74.6709991455078,71.87894318802452
2017-03-15,75.66999816894531,8470800,64.03709545228449,1.1565111248026625,1.3004575645598258,-0.14394643975716326,77.35339817466429,74.86049919128418,72.36760020790406
2017-03-16,75.30000305175781,5706800,59.35486517305594,1.0607546894136561,1.2525169895305919,-0.19176230011693574,77.16830805725408,75.01699943542481,72.86569081359553
2017-03-17,75.16000366210938,9947000,56.15558016293601,0.9624754261663782,1.194508676857749,-0.23203325069137093,76.9965876622913,75.13949966430664,73.28241166632198
2017-03-20,75.58000183105469,5793100,56.99156240907768,0.9080117499065636,1.137209291467512,-0.2291975415609484,76.82789292176061,75.26999969482422,73.71210646788784
2017-03-21,75.93000030517578,6488000,53.75856351862859,0.8829131724259867,1.086350067659207,-0.2034368952332204,76.76657432750825,75.38399963378906,74.00142494006987
2017-03-22,75.06999969482422,7680000,43.66469908491833,0.7845833189026052,1.0259967179078866,-0.24141339900528136,76.5708234399713,75.45749969482422,74.34417594967714
2017-03-23,74.0199966430664,10714400,37.14756744993446,0.6148422122252413,0.9437658167713575,-0.32892360454611624,76.64504962532055,75.43549957275391,74.22594952018727
2017-03-24,73.16999816894531,11786000,32.45993176851046,0.4070412707421269,0.8364209075655114,-0.4293796368233844,76.89367569922183,75.37249946594238,73.85132323266293
2017-03-27,73.19999694824219,6421300,27.27270553035676,0.24198868336175394,0.71753446272476,-0.475545779363006,77.08017895955012,75.30299949645996,73.5258200333698
2017-03-28,73.19000244140625,5587300,28.38500504063623,0.10911898975932388,0.5958513681316727,-0.48673237837234884,77.22546198664394,75.21649971008301,73.20753743352209
2017-03-29,72.95999908447266,4211100,23.128033198729028,-0.014572564924009157,0.47376658152053636,-0.4883391464445455,77.32136355635306,75.08449974060059,72.84763592484812
2017-03-30,72.05000305175781,7907900,16.966955270591953,-0.18390810963691706,0.34223164328904565,-0.5261397529259627,77.49239337775734,74.90099983215332,72.3096062865493
2017-03-31,71.41999816894531,9146000,17.41136556802566,-0.364739389056453,0.20083743681994592,-0.5655768258763989,77.69197159625114,74.69349975585938,71.69502791546762
2017-04-03,71.62000274658203,7508300,20.846432658605963,-0.4863049620203128,0.06340895705189419,-0.549713919072207,77.75878445115418,74.49549980163575,71.2322151521173
2017-04-04,71.94999694824219,5218500,20.846338004252374,-0.5496823838735736,-0.059209311133199376,-0.4904730727403742,77.64804107835664,74.28799972534179,70.92795837232694
2017-04-05,71.93000030517578,7092400,22.05632095632008,-0.5946680462098044,-0.1663010581485204,-0.42836698806128404,77.52650891513304,74.09249992370606,70.65849093227908
2017-04-06,71.41999816894531,6398900,20.781179219416828,-0.663820310517707,-0.2658049086223577,-0.39801540189534923,77.33686260105385,73.853999710083,70.37113681911215
2017-04-07,71.70999908447266,4331100,19.138717555282724,-0.6873005549844748,-0.3501040378947812,-0.33719651708969367,76.99971887711645,73.61699981689453,70.23428075667262
2017-04-10,71.76000213623047,5576800,15.075399361022363,-0.6938754255235295,-0.41885831542053087,-0.2750171101029987,76.76006857539464,73.42249984741211,70.08493111942958
2017-04-11,72.08000183105469,4472800,22.467792857032464,-0.665592223931128,-0.46820509712265035,-0.1973871268084777,76.52030769851127,73.2595001220703,69.99869254562934
2017-04-12,72.16000366210938,5131500,29.148056471216137,-0.6294660113864978,-0.5004572799754199,-0.12900873141107794,76.17178625990005,73.08400039672851,69.99621453355698
2017-04-13,71.30000305175781,5120600,29.082834379032306,-0.6625926341629338,-0.5328843508129227,-0.12970828335001106,75.88436813066684,72.88400039672851,69.88363266279018
2017-04-17,72.30999755859375,4781800,41.83486341276307,-0.6004262653180774,-0.5463927337139537,-0.05403353160412372,75.55139399156265,72.74150009155274,69.93160619154283
2017-04-18,72.33999633789062,5010500,42.2302932922713,-0.542484891204353,-0.5456111652120336,0.0031262740076806184,75.05391092486815,72.57949981689453,70.1050887089209
2017-04-19,72.11000061035156,3374300,42.230352193906796,-0.5092543012470827,-0.5383397924190434,0.029085491171960687,74.29956622903067,72.38849983215331,70.47743343527596
2017-04-20,71.41000366210938,5736800,43.916349258381466,-0.5332556833198652,-0.5373229705992077,0.00406728727934258,73.68838944800554,72.20550003051758,70.72261061302963
2017-04-21,71.47000122070312,6814900,50.533083032115115,-0.5411970670694615,-0.5380977898932585,-0.0030992771762029525,73.32349754549581,72.07800025939942,70.83250297330302
2017-04-24,72.55000305175781,5590200,58.348320501212896,-0.4550974687598597,-0.5214977256665787,0.06640025690671902,73.20591188748473,72.04700050354003,70.88808911959534
2017-04-25,72.43000030517578,6748000,54.4776491185618,-0.3920270912502275,-0.49560359878330845,0.10357650753308095,73.0514976068684,72.00850067138671,70.96550373590503
2017-04-26,71.51000213623047,7477900,46.64537909349063,-0.4115355999405921,-0.4787899990147652,0.06725439907417313,72.82814086060962,71.92450065612793,71.02086045164624
2017-04-27,71.52999877929688,4857300,50.953213343135644,-0.42053500587856263,-0.4671390003875247,0.04660399450896208,72.62893015246273,71.85300064086914,71.07707112927555
2017-04-28,71.77999877929688,4089900,50.610818850102724,-0.40285038083420943,-0.4542812764768617,0.05143089564265224,72.6103769740705,71.8395004272461,71.06862388042168
2017-05-01,70.80000305175781,6380700,42.79277886033013,-0.4625803151947707,-0.4559410842204435,-0.006639230974327226,72.69203943427745,71.80850067138672,70.924961908496
2017-05-02,70.83000183105469,8482100,40.18835202161629,-0.5017126367562099,-0.4650953947275968,-0.036617242028613106,72.75295259082846,71.76900062561035,70.78504866039223
2017-05-03,70.22000122070312,5869800,35.941967770684016,-0.5753153574747643,-0.4871393872770303,-0.08817597019773393,72.88037283033403,71.6825008392334,70.48462884813277
2017-05-04,70.30999755859375,6309300,41.92488064241513,-0.6192458113401926,-0.5135606720896628,-0.1056851392505298,72.93976753339942,71.6015007019043,70.26323387040918
2017-05-05,70.91999816894531,4499600,37.87081913080529,-0.5979463084279075,-0.5304377993573118,-0.06750850907059569,72.94732861665156,71.5765007019043,70.20567278715703
2017-05-08,70.70999908447266,4455200,36.20979225000743,-0.5911965244696233,-0.5425895443797741,-0.048606980089849205,72.94880844868715,71.5265007019043,70.10419295512145
2017-05-09,70.29000091552734,5170800,35.081928666215575,-0.6126750773017164,-0.5566066509641626,-0.05606842633755382,72.97307130567998,71.45300064086913,69.93292997605829
2017-05-10,70.30999755859375,5205800,39.852310221731734,-0.6209257773409291,-0.569470476239516,-0.051455301101413164,72.93609701543004,71.3645004272461,69.79290383906216
2017-05-11,70.4800033569336,4073200,41.0488295827832,-0.6067522076768199,-0.5769268225269768,-0.02982538514984312,72.8526588237461,71.2805004119873,69.70834200022851
2017-05-12,70.6500015258789,3401400,29.437157233659917,-0.5751718965121313,-0.5765758373240077,0.0014039408118764474,72.84513680177703,71.24800033569336,69.6508638696097
2017-05-15,70.66999816894531,4951500,30.530869636403835,-0.5422796481867778,-0.5697165994965618,0.027436951309784074,72.70074064851234,71.16600036621094,69.63126008390954
2017-05-16,70.94999694824219,4234200,42.78340481008028,-0.48799345815108097,-0.5533719712274657,0.06537851307638476,72.52994070128526,71.09650039672852,69.66306009217178
2017-05-17,70.55000305175781,5313800,38.49764669642026,-0.47180870888938387,-0.5370593187598494,0.06525060987046549,72.38808476634584,71.01850051879883,69.64891627125182
2017-05-18,70.54000091552734,5352300,34.57706957774333,-0.4545495035672502,-0.5205573557213296,0.06600785215407934,72.34748999205401,70.97500038146973,69.60251077088544
2017-05-19,70.9000015258789,5460000,51.470571735671825,-0.4071292854256541,-0.4978717416621945,0.09074245623654043,72.29924114194577,70.94650039672851,69.59375965151125
2017-05-22,72.04000091552734,7974600,63.41466302845552,-0.2743969206370451,-0.45317677745716467,0.17877985682011954,72.16099844347177,70.92100028991699,69.68100213636221
2017-05-23,72.12999725341797,6492800,73.93489172522587,-0.16009810166168847,-0.39456104229806943,0.23446294063638096,72.07432514339476,70.9060001373291,69.73767513126344
2017-05-24,72.8499984741211,4759400,77.48926184582305,-0.011287270309679798,-0.3179062879003915,0.3066190175907117,72.40997062590446,70.97299995422364,69.53602928254281
2017-05-25,74.13999938964844,7525000,80.37743997236137,0.2083370981741126,-0.21265761068549072,0.42099470885960333,73.11333029714292,71.1034999847412,69.09366967233949
2017-05-26,74.41000366210938,5681000,84.51501327317112,0.39957206275887813,-0.09021167599661696,0.4897837387554951,73.71933873523948,71.23500022888183,68.75066172252419
2017-05-30,75.06999969482422,6075000,92.67863030345967,0.5974957548551458,0.047329810173735595,0.5501659446814102,74.45456618806615,71.44850006103516,68.44243393400417
2017-05-31,75.44000244140625,18510100,93.10930684030066,0.7752709947735212,0.19291804709369276,0.5823529476798285,75.15553815544511,71.67900009155274,68.20246202766036
2017-06-01,75.4000015258789,6831500,92.26808313167409,0.9025276368353303,0.3348399650420203,0.56768767179331,75.71565070312201,71.93800010681153,68.16034951050105
2017-06-02,75.12000274658203,7908900,87.6897701658141,0.9696088339844664,0.46179373883050956,0.5078150951539568,76.12827717907014,72.17850036621094,68.22872355335174
2017-06-05,75.05999755859375,6149400,86.76715654952076,1.0063289155126682,0.5707007741669413,0.4356281413457269,76.48853435253665,72.38550033569337,68.28246631885008
2017-06-06,75.2699966430664,5779300,86.61015743704135,1.0403821380865708,0.6646370469508672,0.37574509113570354,76.82973585815884,72.61350021362304,68.39726456908724
2017-06-07,75.61000061035156,5019600,93.32181088022658,1.082328630221781,0.74817536360505,0.33415326661673095,77.1494515132698,72.87950019836425,68.60954888345871
2017-06-08,75.20999908447266,5453100,87.47985500502094,1.0709495079758824,0.8127301924792165,0.2582193154966659,77.33558041100736,73.1245002746582,68.91342013830905
2017-06-09,75.45999908447266,5637700,87.25481885205232,1.0697727084045852,0.8641386956642902,0.2056340127402949,77.51453612426367,73.37350006103516,69.23246399780665
2017-06-12,75.4000015258789,5951500,83.33328287446034,1.0518734424320826,0.9016856450178488,0.15018779741423383,77.63762179726098,73.61100006103516,69.58437832480934
2017-06-13,74.94999694824219,5196500,76.11102712523895,0.9899648381984605,0.9193414836539712,0.07062335454448931,77.64303182801386,73.825,70.00696817198614
2017-06-14,75.75,6227000,76.45977805219992,0.9939972026776047,0.9342726274586979,0.05972457521890684,77.72216253909926,74.06500015258788,70.40783776607651
2017-06-15,76.41000366210938,4746900,73.40200282522315,1.0384787239315045,0.9551138467532593,0.08336487717824526,77.75946522070001,74.35800018310547,70.95653514551094
2017-06-16,77.27999877929688,9783900,76.33017145800903,1.1308957231632633,0.9902702220352602,0.1406255011280031,77.82875214851227,74.69500007629395,71.56124800407564
2017-06-19,77.70999908447266,4612300,75.28727064387795,1.2247165221404686,1.037159482056302,0.18755704008416663,77.90150070430217,75.03549995422364,72.16949920414511
2017-06-20,77.33000183105469,3660800,68.06878986094983,1.2539527914694304,1.0805181439389275,0.17343464753050286,77.97183478491843,75.3,72.62816521508157
2017-06-21,77.02999877929688,4395000,64.845112543723,1.2386367728095138,1.112141869713045,0.12649490309646882,77.86889462618774,75.54500007629395,73.22110552640015
2017-06-22,76.4800033569336,4232000,61.80554083838427,1.168647245604717,1.1234429448913794,0.045204300713337586,77.7055835027508,75.72650032043457,73.74741713811834
2017-06-23,76.48999786376953,3876700,62.521896098586225,1.1012915112106185,1.1190126581552273,-0.0177211469446088,77.70181318049896,75.84400024414063,73.9861873077823
2017-06-26,76.52999877929688,3969200,61.371858556006494,1.0391605500469154,1.103042236533565,-0.0638816864866496,77.70223202825426,75.95,74.19776797174575
2017-06-27,75.37999725341797,5488100,48.18894951021678,0.8869021476400434,1.0598142187548607,-0.17291207111481732,77.69022434432546,75.96549987792969,74.24077541153392
2017-06-28,75.83999633789062,3377900,54.914178185155166,0.7941993132035208,1.006691237644593,-0.21249192444107212,77.69376478269385,75.98549957275391,74.27723436281397
2017-06-29,74.4000015258789,5467700,43.02632345057854,0.597646801923787,0.9248823505004318,-0.3272355485766447,77.76981021190757,75.93549957275391,74.10118893360026
2017-06-30,74.47000122070312,5158000,43.889611281488826,0.44242590062879117,0.8283910605261037,-0.3859651598973125,77.81934629352867,75.90299949645996,73.98665269939124
2017-07-03,74.52999877929688,2452300,47.091419767567196,0.320558322799684,0.7268245129808197,-0.40626619018113574,77.855561681905,75.87649955749512,73.89743743308524
2017-07-05,74.61000061035156,4015200,41.23075333992202,0.22780685292883618,0.627020980970423,-0.39921412804158685,77.88613256661822,75.84349975585937,73.80086694510052
2017-07-06,74.31999969482422,3394200,32.95260924814771,0.12940825674375844,0.5274984361250901,-0.3980901793813316,77.93120701104367,75.77899971008301,73.62679240912236
2017-07-07,74.25,3933100,21.575924833813332,0.04525658029659496,0.431050064959391,-0.38579348466279606,77.97739948381447,75.73099975585937,73.48460002790428
2017-07-10,73.69000244140625,4937400,13.186734874959996,-0.06586213475976876,0.3316676250155591,-0.39752975977532784,78.06631010483714,75.64249992370605,73.21868974257497
2017-07-11,73.43000030517578,5513200,13.483054564573536,-0.172911302611368,0.2307518394901737,-0.4036631421015417,78.16166732057488,75.5439998626709,72.92633240476692
2017-07-12,73.88999938964844,3698400,21.45447180861541,-0.21811615042763322,0.1409782415066123,-0.3590943919342455,78.20061511499603,75.49099998474121,72.78138485448639
2017-07-13,73.4800033569336,4004900,22.01484889202669,-0.2837536360794246,0.05603186598940493,-0.3397855020688295,78.22794607977659,75.37750015258788,72.52705422539918
2017-07-14,73.93000030517578,3607300,27.931009081629426,-0.2960481644530546,-0.014384140099086971,-0.28166402435396765,78.13047284200269,75.25349998474121,72.37652712747973
2017-07-17,73.37000274658203,4916400,24.9999698203587,-0.34697903136348884,-0.08090311835196735,-0.2660759130115215,77.88613261262475,75.05800018310546,72.22986775358618
2017-07-18,73.33000183105469,3725100,30.326278440084167,-0.3861189114480368,-0.14194627697118123,-0.24417263447685555,77.47421701060038,74.83900032043456,72.20378363026875
2017-07-19,73.55000305175781,4478800,26.961773094718353,-0.3948338892194698,-0.19252379942083897,-0.20231008979863085,77.06607589282811,74.65000038146972,72.23392487011134
2017-07-20,73.58999633789062,4276500,38.65534006518139,-0.39397198414411605,-0.2328134363654944,-0.16115854777862165,76.65903258487639,74.47800025939941,72.29696793392243
2017-07-21,73.41999816894531,4203400,35.694714696735346,-0.4023681006631108,-0.2667243692250177,-0.1356437314380931,76.33751112875788,74.325,72.31248887124212
2017-07-24,72.63999938964844,6336700,28.47373323786418,-0.46658298801462195,-0.30669609298293854,-0.1598868950316834,76.0046978756872,74.13250007629395,72.2603022769007
2017-07-25,72.23999786376953,7015100,24.840648776134003,-0.5434855657759385,-0.35405398754153855,-0.1894315782344,75.60776495038698,73.91800003051758,72.22823511064817
2017-07-26,71.7300033569336,10744300,23.732168336474857,-0.6382266279202753,-0.4108885156172859,-0.2273381123029894,75.54462759505178,73.73550033569336,71.92637307633494
2017-07-27,73.95999908447266,9693500,47.95485189342051,-0.5272893208174878,-0.4341686766573263,-0.09312064416016153,75.16266682773896,73.64150047302246,72.12033411830596
2017-07-28,66.94000244140625,54403900,25.09220043445407,-0.994363364319824,-0.5462076141898259,-0.4481557501299981,76.59442488821097,73.26850051879883,69.9425761493867
2017-07-31,64.97000122070312,26663600,22.280423267196795,-1.5061238847914638,-0.7381908683101535,-0.7679330164813103,77.72358876379334,72.79350051879882,67.8634122738043
2017-08-01,65.5,16542700,22.63530629612856,-1.847632949663904,-0.9600792845809036,-0.8875536650830003,78.1739468596857,72.34200057983398,66.51005429998226
2017-08-02,65.55000305175781,19252100,23.513654699321407,-2.090152538245235,-1.1860939353137698,-0.904058602931465,78.35247404218546,71.8890007019043,65.42552736162312
2017-08-03,65.54000091552734,13837100,21.128668598258628,-2.2571392519812576,-1.4003029986472675,-0.8568362533339902,78.39313731265702,71.45000076293945,64.50686421322189
2017-08-04,65.5199966430664,9553700,21.94420449191142,-2.3638426961361887,-1.593010938145052,-0.7708317579911368,78.30442133193262,71.01350059509278,63.72257985825294
2017-08-07,65.98999786376953,5962300,24.549206717046104,-2.383010907470606,-1.7510109320101628,-0.6319999754604431,78.13436696564256,70.62850036621094,63.12263376677933
2017-08-08,65.37999725341797,7102400,22.417247285793394,-2.4195329347552956,-1.8847153325591894,-0.5348176021961062,77.95923558543852,70.22600021362305,62.492764841807585
2017-08-09,65.30999755859375,5600000,22.102423104526835,-2.4261580550383144,-1.9930038770550145,-0.4331541779832999,77.62576334793796,69.79700012207032,61.96823689620266
2017-08-10,64.7699966430664,6279500,21.564753298672514,-2.4467771476093816,-2.083758531165888,-0.3630186164434934,77.2959460095357,69.36149978637695,61.42705356321821
2017-08-11,64.30999755859375,7275600,22.0281995550459,-2.471743290720042,-2.161355483076719,-0.31038780764332286,76.81520131821523,68.88049964904785,60.94579797988047
2017-08-14,64.83999633789062,6393800,25.366167843669515,-2.4208565396437933,-2.213255694390134,-0.2076008452536593,76.28900255269964,68.45399932861328,60.618996104526914
2017-08-15,65.30000305175781,4967300,28.52372577209988,-2.316704201487596,-2.2339453958096263,-0.08275880567796978,75.65496168907815,68.05249938964843,60.450037090218714
2017-08-16,65.44999694824219,4328300,16.98992435125028,-2.196736854192835,-2.226503687486268,0.02976683329343288,74.87038339413968,67.64749908447266,60.42461477480563
2017-08-17,64.30000305175781,6678500,31.196596987803844,-2.169448709402886,-2.2150926918695917,0.04564398246670587,73.97905139536778,67.18299942016601,60.38694744496426
2017-08-18,63.689998626708984,10210600,38.69257152716418,-2.1720073682248824,-2.20647562714065,0.034468258915767436,72.98688121093531,66.6964994430542,60.40611767517308
2017-08-21,64.38999938964844,5065700,40.48028465578138,-2.093419278027852,-2.1838643573180905,0.09044507929023826,71.98799461012294,66.2839994430542,60.580004275985466
2017-08-22,64.05999755859375,5031600,37.80684546813327,-2.034315714931651,-2.1539546288408027,0.1196389139091516,70.91527011931736,65.87499942779542,60.834728736273476
2017-08-23,63.709999084472656,5198700,35.813949362147596,-1.9927465256559032,-2.121713008203823,0.12896648254791998,69.77481169819576,65.47399921417237,61.17318673014896
2017-08-24,63.599998474121094,5239000,35.321116971200794,-1.9462436878678346,-2.0866191441366255,0.1403754562687909,66.67241512211992,64.95599918365478,63.23958324518964
2017-08-25,64.08000183105469,4860600,35.41988440599076,-1.8493395592714563,-2.0391632271635918,0.18982366789213545,66.29382536001003,64.81299915313721,63.3321729462644
2017-08-28,63.93000030517578,6742000,38.095270905968086,-1.764308360193155,-1.9841922537695045,0.2198838935763494,66.29084099338651,64.76099910736085,63.23115722133518
2017-08-29,63.810001373291016,4329300,37.78505372569607,-1.6871549610634418,-1.924784795228292,0.23762983416485017,66.22109563397703,64.67649917602539,63.131902718073746
2017-08-30,64.05000305175781,4378500,43.83567549489785,-1.588334871029275,-1.8574948103884887,0.2691599393592137,66.1128203065465,64.60149917602538,63.09017804550428
2017-08-31,63.400001525878906,8028700,42.45443560886426,-1.5446630148500446,-1.7949284512808001,0.2502654364307555,66.02889544486115,64.49449920654297,62.96010296822479
2017-09-01,63.540000915527344,6110500,38.4752322295525,-1.4816761333148918,-1.7322779876876186,0.25060185437272686,65.90662789134709,64.39549942016602,62.88437094898495
2017-09-05,62.869998931884766,8107600,29.230742144172027,-1.468889690541559,-1.6796003282584069,0.21071063771684795,65.70091016582575,64.23949947357178,62.77808878131782
2017-09-06,63.27000045776367,9466600,32.13120536107927,-1.4102233849875887,-1.6257249396042435,0.21550155461665477,65.55276593153908,64.13399963378906,62.71523333603903
2017-09-07,62.72999954223633,7027800,35.70128719578926,-1.391265829624274,-1.5788331176082497,0.18756728798397582,65.4425920356162,64.00499973297119,62.56740743032617
2017-09-08,62.22999954223633,6736900,36.43126683107171,-1.4004442027199815,-1.5431553346305962,0.14271113191061469,65.47137539959884,63.87799987792969,62.28462435626054
2017-09-11,62.4900016784668,7197500,30.769307989606133,-1.370934846526211,-1.5087112370097193,0.13777639048350832,65.48118917002347,63.78700008392334,62.092810997823214
2017-09-12,62.5,5887200,33.116947456378796,-1.3313942045252958,-1.4732478305128347,0.14185362598753892,65.3811158215581,63.67000026702881,61.95888471249952
2017-09-13,62.5099983215332,6454100,35.98133298395068,-1.2844448986241943,-1.4354872441351065,0.15104234551091222,65.13359520844645,63.53050003051758,61.9274048525887
2017-09-14,62.279998779296875,7552400,35.0000346789939,-1.2513712475282333,-1.398664044813732,0.1472927972854987,64.79244725350578,63.37200012207031,61.95155299063484
2017-09-15,62.38999938964844,16567300,29.032261117979033,-1.2024232243620077,-1.3594158807233871,0.1569926563613795,64.69106054057426,63.27649993896485,61.86193933735544
2017-09-18,62.560001373291016,6381500,33.086461615262536,-1.13680939299406,-1.3148945831775218,0.17808519018346192,64.65513860945167,63.22000007629394,61.78486154313622
2017-09-19,62.22999954223633,5610000,31.455420081380012,-1.098772384650374,-1.2716701434720923,0.1728977588217182,64.50076175053417,63.11200008392334,61.72323841731252
2017-09-20,61.220001220703125,7026200,21.868804916782068,-1.1370193537951465,-1.2447399855367032,0.10772063174155666,64.52182850074551,62.97000026702881,61.41817203331211
2017-09-21,61.5,6432100,29.613733554247247,-1.1316913574399408,-1.2221302599173507,0.09043890247740993,64.50157277454629,62.859500312805174,61.21742785106406
2017-09-22,62.4900016784668,8550100,40.47188654230259,-1.0356457408458795,-1.1848333561030564,0.14918761525717694,64.4154396091717,62.80400047302246,61.19256133687323
2017-09-25,63.790000915527344,11248400,57.49186892110601,-0.8448904526280927,-1.1168447754080637,0.271954322779971,64.35722145543407,62.7895004272461,61.22177939905812
2017-09-26,64.5199966430664,12651900,59.65994348113965,-0.6275766451024651,-1.0189911493469441,0.391414504244479,64.49551173517962,62.819000244140625,61.14248875310164
2017-09-27,64.41000366210938,8743600,63.907343115564686,-0.45893903774302913,-0.9069807270261612,0.44804168928313204,64.619042862009,62.84900035858154,61.078957855154094
2017-09-28,64.19000244140625,8932800,67.01394154894179,-0.3391354366172976,-0.7934116689443885,0.4542762323270909,64.64702407702532,62.85600032806396,61.06497657910261
2017-09-29,63.41999816894531,7758900,57.41624843867973,-0.3028322673092063,-0.6952957886173522,0.3924635213081459,64.64932444345752,62.85700016021728,61.06467587697704
2017-10-02,62.900001525878906,7883000,52.94986761070232,-0.3124197470154755,-0.6187205802969769,0.3063008332815014,64.58860321457988,62.82500019073486,61.061397166889854
2017-10-03,63.369998931884766,6400200,55.9392387455741,-0.2788782956279974,-0.550752123363181,0.27187382773518365,64.63038471237749,62.85000019073486,61.06961566909223
2017-10-04,63.4900016784668,6653700,58.48530163154699,-0.2398484118149966,-0.48857138105354414,0.24872296923854753,64.65497758052639,62.86100025177002,61.067022923013646
2017-10-05,63.810001373291016,5234200,59.673047889051446,-0.18100908659872061,-0.42705892216257946,0.24604983556385884,64.75675616241047,62.91500034332275,61.07324452423504
2017-10-06,62.54999923706055,9563300,49.94067529703078,-0.23336010948641928,-0.3883191596273475,0.1549590501409282,64.75315556330662,62.931000328063966,61.10884509282131
2017-10-09,63.56999969482422,7275600,57.346499070794074,-0.19034893580774792,-0.34872511486342755,0.15837617905567963,64.81611761436776,62.98500022888184,61.15388284339592
2017-10-10,65.01000213623047,8300800,69.84294624190225,-0.03960951454210715,-0.2869019947991635,0.24729248025705636,65.13545562532799,63.11050033569336,61.085545046058726
2017-10-11,64.87000274658203,5552200,67.90650460885351,0.06777451963471037,-0.21596669191238874,0.2837412115470991,65.37737412548502,63.228500556945804,61.079626988406595
2017-10-12,65.3499984741211,6895900,66.0674156340184,0.18942520821356368,-0.13488831188719824,0.3243135201007619,65.6790799939941,63.38200054168701,61.08492108937994
2017-10-13,65.05000305175781,6437200,57.97471092753318,0.258645626162739,-0.05618152427721079,0.3148271504399498,65.87734174310629,63.51500072479248,61.15265970647867
2017-10-16,65.37000274658203,4748000,55.67428045242674,0.3354576600272594,0.02214631258368325,0.31331134744357614,66.11109869539098,63.65550079345703,61.19990289152308
2017-10-17,64.87000274658203,7507900,52.918776934047344,0.3519291092370622,0.08810287191435905,0.26382623732270316,66.20397055542504,63.78750095367432,61.3710313519236
2017-10-18,64.80999755859375,5614600,54.01551178207606,0.35603676402929807,0.14168965033734687,0.2143471136919512,66.09678139133658,63.967000770568845,61.837220149801105
2017-10-19,64.37000274658203,6037000,56.427643010011145,0.32009831182250537,0.17737138263437857,0.1427269291881268,65.89996175538376,64.11050090789794,62.32104006041213
2017-10-20,65.0,6430300,64.00000406901455,0.3385497519693672,0.2096070565013763,0.12894269546799092,65.89418590638815,64.2360008239746,62.57781574156106
2017-10-23,64.5,4833600,57.50333216308678,0.3092618517770944,0.22953801555651993,0.0797238362205745,65.91985364712806,64.27150077819825,62.623147909268425
2017-10-24,64.12999725341797,7686900,54.11308476331455,0.2532752510241494,0.23428546265004582,0.01898978837410356,65.89720034445551,64.25200080871582,62.60680127297612
2017-10-25,63.790000915527344,7114100,49.871791799468,0.1794025624996607,0.22330888261996878,-0.043906320120308096,65.8769943157445,64.22100067138672,62.56500702702893
2017-10-26,65.79000091552734,8939500,68.96958824893119,0.27902478587790824,0.23445206327155668,0.04457272260635156,66.09917494020358,64.30100059509277,62.502826249981965
2017-10-27,64.91999816894531,6473800,58.04529082207489,0.2844946872488805,0.24446058806702148,0.04003409918185902,66.14433551542865,64.37600059509278,62.607665674756895
2017-10-30,64.05000305175781,6842300,43.861886220329936,0.21613679792343987,0.23879583003830518,-0.022659032114865307,66.0695978133515,64.43350067138672,62.79740352942195
2017-10-31,64.22000122070312,7025400,45.859854040137506,0.17367805710941298,0.22577227545252676,-0.052094218343113785,66.03827218863955,64.47600078582764,62.91372938301572
2017-11-01,64.69999694824219,5669200,45.859854040137506,0.1767236822342113,0.2159625568088637,-0.03923887457465239,66.03021103416694,64.5365005493164,63.042790064465855
2017-11-02,63.900001525878906,8668100,43.1137494757636,0.11327861201827716,0.1954257678507464,-0.08214715583246923,66.02601250177263,64.5410005569458,63.05598861211898
2017-11-03,63.90999984741211,7290200,40.92035947434871,0.06307759847261707,0.16895613397512052,-0.10587853550250345,65.80694468764071,64.60900058746338,63.41105648728607
2017-11-06,63.45000076293945,6319400,41.12496644250498,-0.01366759663899586,0.13243138785229724,-0.1460989844912931,65.82383905598175,64.60300064086914,63.38216222575653
2017-11-07,64.30999755859375,6007400,47.15908204225658,-0.0050361094333482015,0.10493788839516816,-0.10997399782851636,65.77981252515379,64.5680004119873,63.356188298820804
2017-11-08,64.58999633789062,5700500,51.273114523351396,0.0241199282862965,0.08877429637339383,-0.06465436808709733,65.75756314129877,64.55400009155274,63.35043704180671
2017-11-09,64.51000213623047,3792600,46.97157310332535,0.04030680296797584,0.07908079769231023,-0.03877399472433439,65.65574498048703,64.5120002746582,63.36825556882939
2017-11-10,65.0199966430664,4998200,53.20986851958078,0.09321281298791462,0.08190720075143111,0.011305612236483506,65.65134821439077,64.51049995422363,63.3696516940565
2017-11-13,65.83999633789062,8183800,60.00003569322034,0.19901421742839887,0.10532860408682466,0.0936856133415742,65.76517886831593,64.53399963378907,63.3028203992622
2017-11-14,65.7300033569336,8154100,61.65872240062943,0.27086471852419436,0.13843582697429863,0.13242889154989573,65.91318494315847,64.57699966430664,63.24081438545481
2017-11-15,65.26000213623047,4572700,46.097189356093544,0.2865780938733593,0.16806428035411078,0.11851381351924853,65.9669937110645,64.59949989318848,63.23200607531245
2017-11-16,65.87999725341797,5205700,57.339492886765704,0.34508159565905316,0.20346774341509927,0.1416138522439539,66.15153092020239,64.67499961853028,63.198468316858175
2017-11-17,66.41999816894531,6926800,69.0822063217487,0.4300621148704238,0.2487866177061642,0.18127549716425959,66.41265468380085,64.74599952697754,63.07934437015423
2017-11-20,65.83000183105469,5098700,62.14185928225712,0.44467606604624166,0.2879645073741797,0.15671155867206193,66.54274828884375,64.81249961853027,63.08225094821678
2017-11-21,65.6500015258789,4916400,57.50402865679701,0.43669921067370865,0.3177114480340855,0.11898776263962313,66.62603841225301,64.88849983215331,63.15096125205362
2017-11-22,65.48999786376953,5437700,63.971917253511684,0.4127090835819729,0.33671097514366305,0.07599810843830984,66.6500275475962,64.97349967956544,63.296971811534675
2017-11-24,65.4800033569336,2075600,63.7962417311448,0.3884128799467419,0.34705135610427884,0.041361523842463055,66.6082698797484,64.95799980163574,63.30772972352307
2017-11-27,65.06999969482422,4854700,64.36176220928856,0.3322441903212763,0.3440899229476784,-0.011845732626402095,66.61640608202936,64.96549987792969,63.31459367383002
2017-11-28,66.4000015258789,9686300,67.10320448225441,0.39054813579491565,0.35338156551712585,0.0371665702777898,66.7930086996002,65.08299980163574,63.37299090367129
2017-11-29,67.37000274658203,9229500,70.44128322302468,0.5091561889053224,0.3845364901947652,0.12461969871055723,67.1806089354534,65.2404998779297,63.30039082040599
2017-11-30,67.83000183105469,10224500,73.11982318469443,0.6329754601730713,0.43422428419042647,0.1987511759826448,67.63554478118635,65.39700012207031,63.158455462954265
2017-12-01,68.58000183105469,8049500,73.9892838745035,0.7826005250105084,0.5038995323544428,0.2787009926560655,68.16904809615366,65.6310001373291,63.09295217850453
2017-12-04,70.08000183105469,9630900,76.17290299731934,1.010567735068193,0.6052331728971929,0.40533456217100006,69.0353835198787,65.93950023651124,62.84361695314376
2017-12-05,70.18000030517578,8431900,77.50308382341291,1.1856351684043176,0.7213135719986179,0.4643215964056997,69.68020602429202,66.27600021362305,62.87179440295407
2017-12-06,71.66000366210938,9716800,85.16484944519202,1.4273476968600534,0.862520396970905,0.5648272998891484,70.6819246229645,66.64350051879883,62.60507641463316
2017-12-07,71.5,6043400,82.52313762127328,1.5876937139507277,1.0075550603668695,0.5801386535838582,71.44813512755555,66.9890007019043,62.52986627625306
2017-12-08,71.54000091552734,5270200,81.44962120182544,1.69841851588491,1.1457277514704778,0.5526907644144323,72.0765561634715,67.34050064086914,62.60444511826679
2017-12-11,71.6500015258789,4400000,87.98949814394834,1.774588497532207,1.2714999006828236,0.5030885968493835,72.64630887548158,67.67200088500977,62.69769289453796
2017-12-12,71.72000122070312,8366200,90.19861660578317,1.8196266240790777,1.3811252453620746,0.4385013787170031,73.17397291560381,67.96600112915038,62.75802934269695
2017-12-13,72.31999969482422,5975200,92.74090823152858,1.882039545957909,1.4813081054812414,0.40073144047666753,73.73648233964641,68.29550094604492,62.854519552443435
2017-12-14,71.79000091552734,9072700,87.0739736638265,1.8672117098112864,1.5584888263472503,0.3087228834640361,74.07969570985935,68.62200088500977,63.16430606016018
2017-12-15,71.66999816894531,14169100,90.14593289667008,1.8247428246720574,1.6117396260122119,0.21300319865984552,74.3710373252696,68.91150093078613,63.45196453630267
2017-12-18,72.6500015258789,7451200,89.70769860150571,1.848851597555722,1.6591620203209139,0.18968957723480817,74.79377459493334,69.2230010986328,63.65222760233228
2017-12-19,73.9000015258789,8475500,90.06129720155995,1.9463858031192132,1.7166067768805737,0.22977902623863944,75.32995989751015,69.62650108337402,63.9230422692379
2017-12-20,72.5999984741211,7400700,76.52941980194154,1.8969165092966023,1.7526687233637794,0.14424778593282284,75.50151806131899,69.97400093078613,64.44648380025328
2017-12-21,71.94000244140625,4170200,68.8763885055146,1.7838919772327273,1.758913374137569,0.024978603095158203,75.46335130909992,70.29650115966797,65.12965101023602
2017-12-22,72.13999938964844,4807600,63.5526046330465,1.6909649126295534,1.745323681835966,-0.054358769206412694,75.32641314965531,70.6295009613037,65.9325887729521
2017-12-26,72.08000183105469,3839500,62.566139034518955,1.5941024224386382,1.7150794299565006,-0.12097700751786244,74.91442582892691,70.98000106811523,67.04557630730355
2017-12-27,72.43000030517578,4616800,55.98753193251486,1.5279667038720532,1.6776568847396114,-0.14969018086755814,74.61669212949731,71.28150100708008,67.94630988466285
2017-12-28,71.2699966430664,13351300,48.452198199955845,1.366202339312622,1.6153659756542136,-0.24916363634159167,74.25901907081781,71.4765007019043,68.69398233299079
2017-12-29,71.41000366210938,5504400,49.136805160830136,1.2350632707146332,1.5393054346662978,-0.3042421639516646,73.84846021824043,71.65550079345704,69.46254136867364
2018-01-02,70.73999786376953,5917300,44.37575798727619,1.0647964350997654,1.4444036347529914,-0.379607199653226,73.47963210995897,71.76350059509278,70.04736908022659
2018-01-03,70.4800033569336,6036400,42.51209599024028,0.8985217578180169,1.3352272593659966,-0.4367055015479797,73.42471056195778,71.78350067138672,70.14229078081566
2018-01-04,70.19999694824219,6177300,36.68342382839644,0.7356733170000211,1.2153164708928015,-0.47964315389278034,73.42161656037206,71.78450050354004,70.14738444670803
2018-01-05,70.4000015258789,6383400,40.891246917752746,0.6156565468600945,1.0953844860862603,-0.47972793922616574,73.47184865430202,71.72150039672852,69.97115213915501
2018-01-08,70.30999755859375,6054800,41.052652712944834,0.5074304811623591,0.9777936851014801,-0.470363203939121,73.52154962040613,71.6620002746582,69.80245092891026
2018-01-09,69.56999969482422,6269300,29.076119631965426,0.3578241273815195,0.853799773557488,-0.49597564617596857,73.6456385499929,71.56350021362304,69.48136187725319
2018-01-10,70.29000091552734,6709900,23.57253603567375,0.2939693991206269,0.741833698670116,-0.44786429954948903,73.65320428204127,71.49550018310546,69.33779608416965
2018-01-11,70.29000091552734,7486300,29.113999144627016,0.24059068724534427,0.6415850963851617,-0.40099440913981743,73.64424652083454,71.42400016784669,69.20375381485883
2018-01-12,69.61000061035156,7413600,29.009061766274613,0.1417829463347715,0.5416246663750837,-0.39984172004031215,73.60710552776517,71.28850021362305,68.96989489948093
2018-01-16,68.91999816894531,10521000,23.344465805542157,0.0077107842404160465,0.4348418899481502,-0.42713110570773416,73.67823697200505,71.14500007629394,68.61176318058283
2018-01-17,70.1500015258789,7724500,36.615864207916545,0.0007005457254081193,0.3480136211036018,-0.34731307537819367,73.62700123935903,71.06900024414062,68.51099924892222
2018-01-18,70.02999877929688,8605000,32.80809542599249,-0.014372658487786794,0.2755363651853241,-0.2899090236731109,73.42238254437255,70.93800010681153,68.4536176692505
2018-01-19,71.12000274658203,8714000,48.91466603070292,0.06093352544188235,0.23261579723663575,-0.1716822717947534,72.86073139490479,70.79900016784669,68.73726894078858
2018-01-22,71.27999877929688,4987800,49.06201697176803,0.13200291403136077,0.2124932205955808,-0.08049030656422002,72.62990287490673,70.73300018310547,68.83609749130422
2018-01-23,71.44999694824219,4596400,55.52097485153566,0.19974085971924183,0.20994274842031302,-0.010201888701071193,72.55165874135403,70.70849990844727,68.8653410755405
2018-01-24,71.55999755859375,6121800,58.59865028215299,0.25931062813845074,0.21981632436394058,0.03949430377451016,72.44441527174189,70.67949981689453,68.91458436204718
2018-01-25,69.91000366210938,12691800,48.1046213132117,0.1714035475149842,0.21013376899414932,-0.038730221479165106,72.23746007178799,70.57099990844726,68.90453974510653
2018-01-26,71.0199966430664,6819100,53.62146783888425,0.18912361049299875,0.2059317372939192,-0.016808126800920448,71.93961385982375,70.5004997253418,69.06138559085984
2018-01-29,69.83000183105469,5387900,47.51554708195054,0.10592323482532606,0.1859300368002006,-0.08000680197487453,71.84948909572121,70.42849998474121,69.0075108737612
2018-01-30,69.81999969482422,6365200,51.39977718390529,0.03873276171319162,0.15649058178279882,-0.1177578200696072,71.7156526516751,70.34899978637695,68.9823469210788
2018-01-31,70.33999633789062,9800300,50.28634301559877,0.027130467847584328,0.13061855899575592,-0.10348809114817159,71.68321082338505,70.32899971008301,68.97478859678097
2018-02-01,69.93000030517578,14240400,48.03062781511791,-0.014975063777626474,0.10149983444107943,-0.11647489821870591,71.66510468771455,70.30149955749512,68.9378944272757
2018-02-02,69.4000015258789,8652400,48.832038427102646,-0.09007217706006543,0.06318543214085047,-0.1532576092009159,71.68333228117828,70.26149978637696,68.83966729157564
2018-02-05,66.04000091552734,12619800,37.65007717740727,-0.41591671989276335,-0.032634998265872295,-0.38328172162689106,72.40342955071948,70.04349975585937,67.68356996099926
2018-02-06,66.52999877929688,16146400,33.424858328390286,-0.6273800880234432,-0.15158401621738649,-0.47579607180605676,72.68342092494768,69.85449981689453,67.02557870884138
2018-02-07,66.79000091552734,8352900,35.352598173493945,-0.7651659742610377,-0.27430040782611675,-0.49086556643492096,72.85898329790642,69.71549987792969,66.57201645795296
2018-02-08,64.05000305175781,13457400,22.18718654726125,-1.082973367434377,-0.4360349997477688,-0.6469383676866083,73.4233976591027,69.40349998474122,65.38360231037973
2018-02-09,64.02999877929688,10713100,21.16144241344233,-1.3212219693769356,-0.6130723936736022,-0.7081495757033334,73.74458110222147,69.09049987792969,64.4364186536379
2018-02-12,65.3499984741211,6739900,27.769649753517896,-1.3875281978715606,-0.767963554513194,-0.6195646433583666,73.8128999528733,68.87749977111817,63.942099589363046
2018-02-13,65.63999938964844,5226300,28.705009830407633,-1.400531258868071,-0.8944770953841694,-0.5060541634839015,73.85656903742296,68.71349983215332,63.57043062688367
2018-02-14,65.18000030517578,5532500,31.392567363557617,-1.431453455744986,-1.0018723674563328,-0.42958108828865327,73.7927829621946,68.46499977111816,63.13721658004172
2018-02-15,65.31999969482422,5366500,25.72401324682346,-1.4281993457963154,-1.0871377631243293,-0.34106158267198605,73.68096314991098,68.22949981689453,62.77803648387808
2018-02-16,65.45999908447266,6202700,29.560313997198037,-1.3982060109552208,-1.1493514126905078,-0.248854598264713,73.35362931862302,67.94649963378906,62.53936994895509
2018-02-20,64.19000244140625,6294000,26.4435050810536,-1.4600832613276964,-1.2114977824179456,-0.2485854789097508,73.00857567226426,67.59199981689453,62.17542396152481
2018-02-21,63.93000030517578,7077300,22.583409420642184,-1.5126643742096633,-1.2717311007762893,-0.240933273433374,72.54832894305393,67.21599998474122,61.883671026428495
2018-02-22,63.34000015258789,5701500,22.2409404145519,-1.5836876016118424,-1.3341224009434,-0.24956520066844234,71.99273604648336,66.80500011444092,61.61726418239847
2018-02-23,64.58999633789062,5632500,30.8975115683228,-1.521570062981283,-1.3716119333509769,-0.14995812963030608,71.6004108325337,66.53899974822998,61.47758866392627
2018-02-26,65.43000030517578,6320400,46.971198466544685,-1.3885537824704102,-1.3750003031748634,-0.013553479295546733,70.87692878801286,66.25949993133545,61.64207107465804
2018-02-27,64.0,8860400,38.51045282284078,-1.3825888715716985,-1.3765180168542304,-0.006070854717468155,70.36729389743553,65.96799983978272,61.56870578212992
2018-02-28,62.95000076293945,9254200,33.72881186073509,-1.4459201326949511,-1.3903984400223746,-0.05552169267257656,69.82577952921561,65.62449989318847,61.42322025716133
2018-03-01,62.43000030517578,11718000,41.54487245852812,-1.5205424378103345,-1.4164272395799666,-0.10411519823036786,69.03153620623361,65.22900009155273,61.42646397687185
2018-03-02,62.54999923706055,14796300,42.35537149371856,-1.552106523459102,-1.443563096355794,-0.10854342710330811,68.13786860341345,64.86000003814698,61.5821314728805
2018-03-05,64.12999725341797,9725600,43.86316973109057,-1.4331086687626993,-1.4414722108371751,0.008363542074475872,67.09149056930328,64.59649982452393,62.10150907974459
2018-03-06,64.7699966430664,9306500,45.772578648061504,-1.2724909262364434,-1.407675953917029,0.1351850276805855,66.93626097313577,64.53299961090087,62.12973824866597
2018-03-07,64.06999969482422,8154200,44.72933740138112,-1.1879897058692563,-1.3637387043074745,0.17574899843821812,66.62754657310667,64.40999965667724,62.192452740247816
2018-03-08,65.43000030517578,6437200,50.46808800755798,-0.999756624631928,-1.2909422883723651,0.2911856637404371,66.32305241904739,64.34199962615966,62.36094683327193
2018-03-09,65.6500015258789,6775900,50.803053823050845,-0.8233373710180274,-1.1974213049014977,0.3740839338834703,66.48109058659632,64.42199954986572,62.36290851313511
2018-03-12,65.7699966430664,8236400,57.39698167229585,-0.6661621359492358,-1.0911694711110453,0.42500733516180955,66.6439895179326,64.5089994430542,62.374009368175784
2018-03-13,66.12999725341797,7166200,60.204075855211244,-0.5067095568109039,-0.974277488251017,0.4675679314401131,66.77422120244897,64.54799938201904,62.321777561589116
2018-03-14,63.81999969482422,7939600,51.91999992675774,-0.5602811640768266,-0.891478223416179,0.3311970593393524,66.64371535138697,64.45699939727783,62.27028344316868
2018-03-15,63.810001373291016,9641800,46.53643157474289,-0.5966658374236857,-0.8325157462176804,0.2358499087939947,66.56566481830427,64.3884994506836,62.21133408306292
2018-03-16,63.189998626708984,13398100,39.85505518704301,-0.6678316457569906,-0.7995789261255425,0.13174728036855188,66.47563129189169,64.28199939727783,62.08836750266397
2018-03-19,62.47999954223633,8199500,42.635648312604445,-0.7726158197566093,-0.7941863048517559,0.021570485095146585,66.39353496798476,64.13299942016602,61.87246387234727
2018-03-20,61.52000045776367,6505200,43.01074306511096,-0.9224880674378184,-0.8198466573689684,-0.10264141006884997,66.5434567965254,63.99949932098389,61.45554184544236
2018-03-21,60.0,10480200,39.18075298059632,-1.1506502573522468,-0.8860073773656242,-0.2646428799866226,66.91357846529948,63.802999305725095,60.69242014615071
2018-03-22,60.38999938964844,9788600,40.608686969943136,-1.285185921987292,-0.9658430862899579,-0.31934283569733424,67.11834454883596,63.65549926757812,60.19265398632028
2018-03-23,59.27000045776367,7997200,27.989123956010687,-1.4652900079686688,-1.0657324706257,-0.3995575373429687,67.33392552287229,63.389499473571775,59.44507342427126
2018-03-26,59.599998474121094,7256500,25.908649097945755,-1.5633741081253447,-1.165260798125629,-0.3981133099997156,67.26301882826067,63.09799938201904,58.93297993577741
2018-03-27,60.720001220703125,10135900,34.97757709456074,-1.5330594477443995,-1.2388205280493831,-0.29423891969501637,67.20639403186166,62.9339994430542,58.66160485424674
2018-03-28,62.45000076293945,9587400,37.065966157123896,-1.3538322210254492,-1.2618228666445963,-0.09200935438085289,67.18684783021662,62.9089994430542,58.63115105589178
2018-03-29,62.31999969482422,5888300,35.43305352193903,-1.2083541973086724,-1.2511291327774114,0.042774935468739006,67.18422273888343,62.90349941253662,58.622776086189795
2018-04-02,60.5099983215332,7740900,29.954273057331832,-1.2249928444334586,-1.245901875108621,0.020909030675162477,67.2129108331201,62.801499366760254,58.3900879004004
2018-04-03,62.65999984741211,8837900,38.363522999605735,-1.0525586958778277,-1.2072332392624623,0.1546745433846346,67.09497336635665,62.72799949645996,58.36102562656326
2018-04-04,63.349998474121094,6956800,48.23174872714267,-0.8504231198545753,-1.135871215380885,0.2854480955263097,66.92933407492252,62.656999588012695,58.38466510110286
2018-04-05,64.54000091552734,8546500,52.52245780305676,-0.5874343898113068,-1.0261838502669693,0.43874946045566254,66.99056324580383,62.68049964904785,58.37043605229188
2018-04-06,63.849998474121094,6456800,52.26959983733758,-0.42973760929343996,-0.9068946020722636,0.4771569927788236,66.75442452146876,62.60149955749512,58.44857459352147
2018-04-09,63.25,7270000,52.66805349245613,-0.34915183207350964,-0.7953460480725129,0.4461942159990032,66.39534590126736,62.48149948120117,58.567653061134976
2018-04-10,64.22000122070312,6242400,59.34902906222155,-0.2046568741149244,-0.6772082132809952,0.47255133916607084,66.0989314015974,62.403999710083006,58.709068018568615
2018-04-11,63.84000015258789,6168400,64.4360833462163,-0.11942977716951475,-0.5656525260586991,0.44622274888918434,65.62247090882313,62.289499855041505,58.95652880125987
2018-04-12,63.400001525878906,4633200,61.27341108644814,-0.08639499306461573,-0.46980101945988245,0.3834060263952667,65.56597172114027,62.26849994659424,58.97102817204821
2018-04-13,63.95000076293945,4263300,68.30985116718335,-0.015653898367183672,-0.3789715952413427,0.36331769687415905,65.58731318468324,62.27549991607666,58.96368664747009
2018-04-16,64.25,5136000,68.23528918978272,0.06387999129936617,-0.290401277933201,0.35428126923256714,65.73452163047268,62.328499984741214,58.92247833900975
2018-04-17,63.97999954223633,4877300,63.697465791958045,0.10392639265469228,-0.21153574381562235,0.3154621364703146,65.88870692009536,62.40349998474121,58.91829304938707
2018-04-18,61.5,16672600,46.24505785822782,-0.063717289341092,-0.18197205292071628,0.11825476357962428,65.88878560020905,62.402499961853025,58.91621432349701
2018-04-19,57.779998779296875,24260600,36.022169396930394,-0.49108816561221147,-0.24379527545901533,-0.24729289015319614,66.21394494167319,62.29149990081787,58.36905485996255
2018-04-20,57.22999954223633,13541900,39.0520759537123,-0.8642010344150748,-0.36787642725022723,-0.49632460716484755,66.5958637722633,62.13349990844726,57.67113604463123
2018-04-23,56.56999969482422,8776600,27.42772648312952,-1.1993270472659674,-0.5341665512533753,-0.6651604960125921,66.96096294229037,61.99849987030029,57.03603679831022
2018-04-24,55.29999923706055,13878900,21.393044672615275,-1.5495331958765561,-0.7372398801780116,-0.8122933156985446,67.49896905405213,61.78349990844727,56.068030762842405
2018-04-25,55.84000015258789,14061000,17.5856949442193,-1.7631757384681208,-0.9424270518360334,-0.8207486866320874,67.8335192427501,61.539499855041505,55.24548046733292
2018-04-26,54.77000045776367,18536600,17.10145464366164,-1.9958224271116762,-1.153106126891162,-0.8427163002205142,68.11731630273391,61.15549983978271,54.19368337683152
2018-04-27,56.130001068115234,10368400,25.54945652359021,-2.0468609814669065,-1.331857097806311,-0.7150038836605956,68.13263502884836,60.84599990844727,53.55936478804618
2018-04-30,56.11000061035156,12236400,20.20573017394571,-2.0651178798691987,-1.4785092542188885,-0.5866086256503102,68.21477687928791,60.626000022888185,53.03722316648845
2018-05-01,56.029998779296875,6046400,20.66115489302942,-2.0622695232044777,-1.5952613080160063,-0.46700821518847135,68.08570302196556,60.29449996948242,52.50329691699929
2018-05-02,55.689998626708984,8519200,20.817557883903277,-2.0636587770416455,-1.6889408018211343,-0.3747179752205112,67.8224530156394,59.911499977111816,52.00054693858423
2018-05-03,56.36000061035156,7291300,21.530394081240715,-1.9877822931529323,-1.748709100087494,-0.2390731930654384,67.25002387136323,59.502499961853026,51.754976052342826
2018-05-04,56.2599983215332,6661300,19.57350957436084,-1.9136595063862814,-1.7816991813472516,-0.13196032503902977,66.71589511549182,59.12299995422363,51.530104792955434
2018-05-07,55.709999084472656,5298000,19.164817871775597,-1.877652595421381,-1.8008898641620774,-0.07676273125930355,66.22398352755528,58.74599990844727,51.26801628933926
2018-05-08,55.27000045776367,7690400,22.603359951204112,-1.8631439078168768,-1.8133406728930372,-0.049803234923839534,65.46176715508584,58.29849987030029,51.13523258551474
2018-05-09,55.91999816894531,5983200,38.79518116588135,-1.7786926239547967,-1.8064110631053891,0.027718439150592467,64.63883666124019,57.902499771118165,51.16616288099614
2018-05-10,56.040000915527344,4966000,42.439659246513095,-1.6826842180796078,-1.781665694100233,0.09898147602062513,63.79354810960088,57.53449974060059,51.2754513716003
2018-05-11,55.189998626708984,10885300,41.4392088913584,-1.6560945189312335,-1.756551459066433,0.10045694013519957,62.65168992453007,57.096499633789065,51.54130934304806
2018-05-14,55.02000045776367,9358100,47.988516456895056,-1.6299503690421773,-1.731231241061582,0.10128087201940472,61.11807420790364,56.634999656677245,52.15192510545085
2018-05-15,54.52000045776367,9726600,40.46243794231433,-1.6307781676300408,-1.7111406263752738,0.08036245874523296,59.118345845563795,56.16199970245361,53.20565355934343
2018-05-16,54.869998931884766,9329800,50.806438712011484,-1.5849222549968474,-1.6858969520995886,0.1009746971027412,57.45220051485966,55.83049964904785,54.20879878323604
2018-05-17,55.290000915527344,11738300,42.01521670864521,-1.497429034096271,-1.6482033684989252,0.1507743344026542,57.057309266577604,55.705999755859374,54.35469024514114
2018-05-18,55.540000915527344,8572400,44.80875114301835,-1.3918724760220726,-1.5969371900035547,0.20506471398148207,56.767279551545066,55.62149982452392,54.47572009750278
2018-05-21,55.63999938964844,6338300,46.46098694695566,-1.2853325881306574,-1.5346162696289753,0.24928368149831792,56.63064112794745,55.57499980926514,54.519358490582825
2018-05-22,55.209999084472656,7550200,45.71429155310567,-1.2215155198180128,-1.471996119666783,0.25048059984877025,56.631829011252506,55.57049980163574,54.509170592018975
2018-05-23,55.880001068115234,6632100,45.71429155310567,-1.104148535751797,-1.3984266028837857,0.2942780671319887,56.63611573813674,55.57249984741211,54.508883956687484
2018-05-24,55.88999938964844,7274400,46.64247690930503,-0.998813869757079,-1.3185040562584445,0.3196901865013655,56.630356484338066,55.628499794006345,54.626643103674624
2018-05-25,55.630001068115234,5333000,49.233735094720736,-0.9256448223934157,-1.2399322094854388,0.3142873870920231,56.57722337509115,55.603499794006346,54.62977621292154
2018-05-29,55.72999954223633,7769900,54.71310802634644,-0.8497929004846583,-1.1619043476852826,0.31211144720062434,56.53106057663236,55.584499740600585,54.637938904568806
2018-05-30,56.59000015258789,7187400,56.58155170488484,-0.7120764696678847,-1.071938772081803,0.35986230241391826,56.64387848142567,55.61249980926514,54.5811211371046
2018-05-31,55.7400016784668,10678300,47.42268514239908,-0.6638702956567855,-0.9903250767967995,0.326454781140014,56.64741154647335,55.61499996185303,54.58258837723271
2018-06-01,55.720001220703125,4696500,55.31065356774002,-0.6201319303624899,-0.9162864475099377,0.2961545171474478,56.556157557092824,55.5829999923706,54.60984242764838
2018-06-04,56.02000045776367,5854400,59.76563431323463,-0.5548653867298015,-0.8440022353539105,0.28913684862410904,56.514474310222944,55.57100009918213,54.627525888141314
2018-06-05,56.33000183105469,7740800,68.35702496732745,-0.47267792377236617,-0.7697373730376017,0.29705944926523553,56.603654108712554,55.60200023651123,54.60034636430991
2018-06-06,56.310001373291016,8910700,65.65220564210497,-0.40449487194615585,-0.6966888728193126,0.2921940008731567,56.690460497070596,55.6540002822876,54.6175400675046
2018-06-07,56.689998626708984,7626600,65.35087315695911,-0.31615230261368765,-0.6205815587781875,0.3044292561644999,56.82345975799471,55.692500305175784,54.561540852356856
2018-06-08,57.709999084472656,6839800,70.3564777637977,-0.16196760576392677,-0.5288587681753354,0.3668911624114086,57.218635160675944,55.77600021362305,54.333365266570155
2018-06-11,58.25,7772600,72.6170028494549,0.0037551511919247105,-0.42233598430188335,0.42609113549380806,57.717547220745885,55.929000282287596,54.14045334382931
2018-06-12,57.880001068115234,7555700,73.3800717644693,0.10403653998201179,-0.3170614794451044,0.42109801942711617,58.00595829026888,56.07200031280517,54.13804233534147
2018-06-13,57.43000030517578,9204500,64.11658394531844,0.14552148127842202,-0.22454488730039912,0.37006636857882114,58.096916474430124,56.21750030517578,54.33808413592144
2018-06-14,56.70000076293945,5602500,56.52175515522021,0.11813198198720443,-0.15600951344287842,0.2741414954300828,58.087679729835045,56.309000396728514,54.53032106362198
2018-06-15,57.790000915527344,11512100,65.34091432479018,0.1822783182818597,-0.0883519470979308,0.2706302653797905,58.26185956449189,56.434000396728514,54.606141228965136
2018-06-18,56.599998474121094,7621600,55.350546233608654,0.13552920389020073,-0.0435757169003045,0.17910492079050522,58.26654598544403,56.4870002746582,54.70745456387237
2018-06-19,56.790000915527344,11703700,51.34048716631,0.11251480242612644,-0.012357613035018308,0.12487241546114475,58.28264774118785,56.54450035095215,54.806352960716445
2018-06-20,56.75,8086800,57.59396624368495,0.0900104000127655,0.008115989574538454,0.08189441043822705,58.2432764860111,56.621500396728514,54.99972430744593
2018-06-21,56.689998626708984,6183900,57.24960014141166,0.06656655181939186,0.019806102023509138,0.04676044979588272,58.245820768795284,56.662000274658205,55.078179780521126
2018-06-22,57.02000045776367,7354700,57.44046639153955,0.07376520369709993,0.0305979223582273,0.04316728133887263,58.26658223755073,56.71850032806397,55.170418418577206
2018-06-25,57.06999969482422,6492500,55.72753169266091,0.08255308714233678,0.0409889553150492,0.041564131827287576,58.25723239197439,56.790500259399415,55.32376812682444
2018-06-26,56.099998474121094,7626300,48.58297781866461,0.01111839033089268,0.0350148423182179,-0.02389645198732522,58.227967654182784,56.809000205993655,55.390032757804526
2018-06-27,55.9900016784668,7188700,45.09806540543139,-0.05375034318133487,0.017261805218307346,-0.07101214839964222,58.24214567540111,56.7790002822876,55.315854889174084
2018-06-28,57.290000915527344,6534100,47.16982587103043,-0.00025724262704329703,0.013757995649237218,-0.014015238276280515,58.25049127811343,56.856500244140626,55.46250921016782
2018-06-29,56.790000915527344,6602900,40.10841383131813,0.0017701978941531138,0.011360436098220399,-0.009590238204067285,58.19847541307751,56.910000228881835,55.62152504468616
2018-07-02,55.869998931884766,6454500,37.32660702981137,-0.07005199638003035,-0.004922050397429751,-0.06512994598260059,58.214323111490614,56.90250015258789,55.59067719368517
2018-07-03,56.459999084472656,5003000,43.99008463231456,-0.07845909372311155,-0.019629459062566114,-0.058829634660545436,58.210123854299916,56.90900001525879,55.607876176217665
2018-07-05,57.630001068115234,6716300,55.46415533465301,0.009181761398082244,-0.013867214970436444,0.023048976368518687,58.28209067030551,56.975,55.667909329694496
2018-07-06,58.290000915527344,8720100,53.09405578327257,0.13039117404844092,0.014984462833339027,0.11540671121510189,58.47924949057568,57.055000114440915,55.63075073830615
2018-07-09,58.02000045776367,7837900,59.91620461460676,0.2023313762286989,0.05245384551241101,0.1498775307162879,58.53104851741401,57.070500183105466,55.609951848796925
2018-07-10,58.7599983215332,9760400,62.77559445676703,0.31542018044579834,0.10504711249908849,0.21037306794670985,58.65757056727151,57.09600009918213,55.53442963109274
2018-07-11,58.689998626708984,7697600,62.532288152509004,0.39484396672170163,0.16300648334361112,0.23183748337809051,58.82087117239135,57.13649997711182,55.452128781832286
2018-07-12,58.0099983215332,5279800,57.89473444050806,0.3983258949669022,0.21007036566826934,0.18825552929863285,58.890626391474896,57.16549987792969,55.440373364384484
2018-07-13,58.5,5428200,58.68544285633054,0.4356030279715455,0.2551768981289246,0.1804261298426209,59.06416281521518,57.255499839782715,55.44683686435025
2018-07-16,57.13999938964844,7032200,50.35605128069802,0.3513545447081512,0.2744124274447699,0.0769421172633813,59.01450117489901,57.22299976348877,55.431498352078535
2018-07-17,57.349998474121094,8012100,56.89084918444546,0.2980959215998027,0.2791491262757765,0.01894679532402621,59.02833461375357,57.26049976348877,55.49266491322396
2018-07-18,57.43000030517578,5066200,57.96459000676434,0.2593538880623001,0.2751900786330812,-0.015836190570781117,59.047598865355845,57.292499732971194,55.537400600586544
2018-07-19,56.939998626708984,9201100,47.87362099741037,0.18695639013598964,0.2575433409336629,-0.07058695079767324,59.046761308537256,57.30199966430664,55.55723802007603
2018-07-20,57.63999938964844,6533900,55.04150459120783,0.1839446632756676,0.24282360540206385,-0.058878942126396244,59.07573632396831,57.34949970245361,55.62326308093892
2018-07-23,57.59000015258789,4729000,61.37566164263981,0.17550026960790177,0.22935893824323145,-0.053858668635329676,59.10014748209855,57.37799968719482,55.655851892291096
2018-07-24,57.9900016784668,7627400,60.3799269462832,0.19879324222198136,0.22324579903898145,-0.024452556817000093,59.1605953148455,57.42399978637695,55.687404257908405
2018-07-25,57.849998474121094,8150900,51.73499318590007,0.20360892535104824,0.21931842430139484,-0.015709498950346595,59.14020605676549,57.51149978637695,55.88279351598841
2018-07-26,56.099998474121094,10404300,35.26244883793048,0.06546042722879974,0.18854682488687585,-0.12308639765807611,59.1246801419854,57.51699962615967,55.90931911033393
2018-07-27,57.900001525878906,12220200,49.33036389018624,0.10006842368659363,0.17085114464681944,-0.07078272096022581,59.16018496535474,57.547499656677246,55.934814347999755
2018-07-30,58.45000076293945,6430600,48.23262749205527,0.16991715294255272,0.1706643463059661,-0.0007471933634133898,59.24988907116474,57.63049964904785,56.01111022693096
2018-07-31,58.68000030517578,11759700,49.9440184301324,0.24105310484065967,0.18474209801290484,0.056311006827754834,59.226572561602865,57.7709997177124,56.315426873821934
2018-08-01,58.08000183105469,8070800,50.395499610556485,0.24617623041680048,0.19702892449368398,0.0491473059231165,59.174623057472054,57.851999855041505,56.52937665261096
2018-08-02,58.83000183105469,6375400,51.81120489888759,0.30721370794321246,0.2190658811835897,0.08814782675962277,59.29950291025655,57.91199989318848,56.52449687612041
2018-08-03,59.72999954223633,6341800,64.97108990464145,0.42332877176394845,0.25991845929966145,0.163410312464287,59.58683219288567,57.98399982452393,56.38116745616218
2018-08-06,60.209999084472656,6938000,66.03138313477248,0.5477684146307951,0.3174884503658882,0.23027996426490688,59.980689929274895,58.093499755859376,56.20630958244386
2018-08-07,59.560001373291016,5661900,61.22234294725308,0.5871698169577826,0.3714247236842671,0.2157450932735155,60.111881409481526,58.13349990844726,56.155118407413
2018-08-08,58.61000061035156,5302100,58.39196912357433,0.5355649309457746,0.4042527651365686,0.13131216580920602,60.103462657978426,58.129500007629396,56.155537357280366
2018-08-09,59.220001220703125,4646700,58.01217917469456,0.5376914657399681,0.43094050525724853,0.10675096048271954,60.22186305101678,58.19000015258789,56.158137254159
2018-08-10,59.04999923706055,4284200,57.314622211315815,0.519668604382268,0.4486861250822525,0.07098247930001556,60.28165999413281,58.21750011444092,56.153340234749024
2018-08-13,58.97999954223633,5962400,55.129521799113725,0.4940419583823399,0.45775729174227,0.03628466664006991,60.33511028770325,58.30950012207031,56.28388995643737
2018-08-14,59.209999084472656,4028800,56.98152417163478,0.4866815358726839,0.4635421405683528,0.023139395304331123,60.41336450903514,58.40250015258789,56.39163579614064
2018-08-15,60.18000030517578,6894100,72.7678696872033,0.5527476095081241,0.4813832343563071,0.07136437515181698,60.64476213559961,58.54000015258789,56.435238169576174
2018-08-16,60.83000183105469,7166700,68.7580103783243,0.6500616338281375,0.5151189142506731,0.1349427195774644,60.933548232746745,58.734500312805174,56.535452392863604
2018-08-17,61.0,5438300,67.16016447873395,0.7324578129824388,0.5585866939970263,0.17387111898541252,61.25734673184314,58.90250034332276,56.54765395480237
2018-08-20,60.9900016784668,4488900,66.01943750902751,0.7878685395139939,0.6044430631004198,0.1834254764135741,61.51756792461545,59.0725004196167,56.627432914617955
2018-08-21,59.93000030517578,8386400,62.05996685639029,0.7377444289327144,0.6311033362668788,0.10664109266583566,61.58752518820928,59.16950035095215,56.75147551369502
2018-08-22,59.31999969482422,4580600,53.2536384010894,0.6414050408545791,0.6331636771844188,0.008241363670160262,61.58016149733781,59.2430004119873,56.905839326636794
2018-08-23,59.81999969482422,4137800,50.631137020374126,0.5985020440314841,0.626231350553832,-0.02772930652234784,61.247535206871575,59.42900047302246,57.61046573917335
2018-08-24,58.779998779296875,7705000,40.70221163080489,0.4751050128712535,0.5960060830173163,-0.12090107014606277,61.17459224708354,59.47300033569336,57.771408424303175
2018-08-27,59.0099983215332,6103200,46.2173127336304,0.39135966689423185,0.5550767997926994,-0.16371713289846757,61.149309349313,59.501000213623044,57.85269107793309
2018-08-28,58.45000076293945,5691700,48.83721059177145,0.2766151072022609,0.4993844612746118,-0.22276935407235088,61.16491366787617,59.48950023651123,57.814086805146296
2018-08-29,58.41999816894531,3895600,43.650772506097454,0.1811698451625574,0.4357415380522009,-0.2545716928896435,61.12771904446057,59.50650005340576,57.88528106235095
2018-08-30,58.68000030517578,3901100,47.104861139716355,0.1250670912391456,0.3736066486895898,-0.2485395574504442,61.134719313263446,59.498999977111815,57.863280640960184
2018-08-31,58.52000045776367,4278000,46.45062618694126,0.06692315556554718,0.3122699500647813,-0.24534679449923413,61.126904356304,59.438500022888185,57.75009568947237
2018-09-04,59.11000061035156,4734800,49.26901742601778,0.06767167220360193,0.26335029449254543,-0.1956786222889435,61.03739947224731,59.38350009918213,57.72960072611695
2018-09-05,60.650001525878906,6635300,53.17139668301684,0.19033600559795616,0.2487474367136276,-0.05841143111567143,61.18557213948102,59.43800010681152,57.69042807414203
2018-09-06,60.790000915527344,5806000,49.710138357380664,0.2954395114988486,0.25808585167067183,0.03735365982817679,61.34824185742381,59.547000122070315,57.74575838671682
2018-09-07,60.93000030517578,7558900,49.490540998262006,0.3855867735697984,0.28358603605049715,0.10200073751930128,61.52824586094635,59.632500076293944,57.73675429164154
2018-09-10,60.58000183105469,5694100,47.156728969836394,0.4239007128855903,0.3116489714175158,0.11225174146807448,61.629099125091024,59.709000205993654,57.788901286896284
2018-09-11,59.470001220703125,7138800,46.831963160333885,0.3605409219182363,0.3214273615176599,0.0391135604005764,61.62675022730706,59.73350028991699,57.840250352526915
2018-09-12,63.43000030517578,18202000,69.36852202601041,0.6226886944582262,0.38167962810577316,0.241009066352453,62.437670648568286,59.94450035095215,57.45133005333601
2018-09-13,61.459999084472656,8938300,56.78807591499037,0.6638278639481854,0.43810927527425564,0.22571858867392974,62.591231299423264,60.008500289916995,57.42576928041073
2018-09-14,62.06999969482422,7372500,64.12017375370746,0.7371554344433164,0.49791850710806784,0.2392369273352486,62.79206736899373,60.070500183105466,57.348932997217204
2018-09-17,62.439998626708984,6050000,64.54622577958622,0.8157207627657073,0.5614789582395958,0.25424180452611145,63.038224036730774,60.14250011444092,57.24677619215107
2018-09-18,62.13999938964844,6420800,66.00172505004929,0.8440472687483407,0.6179926203413448,0.22605464840699585,63.20999739914977,60.2,57.190002600850235
2018-09-19,61.84000015258789,4490800,64.491534765957,0.8326900648524216,0.6609321092435603,0.1717579556088613,63.389456625385705,60.29549999237061,57.20154335935551
2018-09-20,62.2599983215332,5076800,64.9665528104538,0.8478067526008033,0.6983070379150089,0.14949971468579437,63.6195614452899,60.44249992370605,57.26543840212221
2018-09-21,62.54999923706055,9754300,66.66666666666666,0.8731226721311955,0.7332701647582464,0.1398525073729492,63.87577891987845,60.57899990081787,57.28222088175729
2018-09-24,61.060001373291016,7323400,57.505780047215346,0.7641467376490994,0.739445479336417,0.024701258312682328,63.88382926830172,60.69300003051758,57.502170792733445
2018-09-25,60.709999084472656,8229100,50.254227041817494,0.6421380965662351,0.7199840027823807,-0.07784590621614562,63.86907048121904,60.778000068664554,57.68692965611007
2018-09-26,60.810001373291016,7455300,50.08503597201647,0.5472068583977503,0.6854285739054546,-0.13822171550770435,63.786560619401925,60.89600009918213,58.00543957896234
2018-09-27,60.77000045776367,4213300,49.313894298859616,0.4634036003786832,0.6410235792001004,-0.17761997882141722,63.66112200201434,61.01350021362305,58.365878425231756
2018-09-28,60.310001373291016,6649100,48.853014242724285,0.3557697407718692,0.5839728115144542,-0.22820307074258506,63.53216315641914,61.09500026702881,58.65783737763848
2018-10-01,60.33000183105469,5885200,54.02621997086828,0.26898234037991386,0.5209747172875462,-0.2519923769076323,63.337838958558336,61.18550033569336,59.03316171282839
2018-10-02,61.290000915527344,9370200,36.06771286059567,0.27450231159337335,0.47168023614871163,-0.19717792455533828,63.21229889946797,61.29450035095215,59.37670180243633
2018-10-03,60.86000061035156,7324000,45.114018454687105,0.2413968252469587,0.42562355396836105,-0.18422672872140233,63.2101995545188,61.30500030517578,59.39980105583276
2018-10-04,61.779998779296875,6229400,47.751929823731324,0.2860986847461504,0.397718580123919,-0.11161989537776856,63.25479764013083,61.354500198364256,59.45420275659768
2018-10-05,62.06999969482422,7176800,47.09576927844719,0.34099510143577305,0.38637388438628983,-0.04537878295051678,63.326517204122354,61.41150016784668,59.49648313157101
2018-10-08,63.16999816894531,7689200,57.18269903999421,0.4678682964765031,0.4026727668043325,0.06519552967217057,63.56637326381781,61.54099998474121,59.515626705664616
2018-10-09,63.099998474121094,5837600,59.07779950189058,0.5563545186850902,0.4334091171804841,0.12294540150460614,63.61251498376678,61.72249984741211,59.83248471105744
2018-10-10,62.90999984741211,11685300,54.8435291696466,0.6041845229152045,0.4675641983274282,0.13662032458777634,63.49993661297855,61.696499824523926,59.8930630360693
2018-10-11,61.119998931884766,9076200,41.2911055746626,0.49198078341906637,0.47244751534575585,0.019533268073310517,63.49866479950265,61.679499816894534,59.86033483428642
2018-10-12,60.060001373291016,10604200,43.57326377311864,0.3139070422916035,0.4407394207349254,-0.1268323784433219,63.52499423481702,61.57899990081787,59.63300556681872
2018-10-15,61.439998626708984,8122900,54.14301964029241,0.2808985411989653,0.4087712448277334,-0.12787270362876813,63.432777243007436,61.52899990081787,59.62522255862831
2018-10-16,60.77000045776367,6829000,49.786775267720465,0.19838890958717315,0.3666947777796214,-0.16830586819244825,63.37028989729128,61.460499954223636,59.55071001115599
2018-10-17,60.619998931884766,6192100,49.209685562501605,0.11951783535297977,0.31725938929429304,-0.19774155394131326,63.336000543201,61.39949989318848,59.46299924317595
2018-10-18,60.93000030517578,5979400,53.31905475483607,0.08109168633968267,0.270025848703371,-0.18893416236368832,63.23613827190593,61.3329999923706,59.429861712835276
2018-10-19,61.95000076293945,5398300,57.83365620550977,0.13142916523816695,0.2423065120103302,-0.11087734677216327,63.14324007636748,61.30300006866455,59.46276006096162
2018-10-22,61.310001373291016,4550000,50.09980275488345,0.1183155103264113,0.21750831167354645,-0.09919280134713515,63.152183077763056,61.31550006866455,59.47881705956604
2018-10-23,61.849998474121094,5563300,54.886470275456816,0.14976964617029864,0.2039605785728969,-0.05419093240259826,63.20080085606137,61.372500038146974,59.54419922023258
2018-10-24,62.310001373291016,6561000,52.74044934556404,0.20940181126758262,0.20504882511183406,0.004352986155748556,63.30152850776129,61.44750003814697,59.59347156853265
2018-10-25,63.15999984741211,7975800,55.32747318802668,0.32154196919371714,0.22834745392821068,0.09319451526550646,63.54135120021225,61.567000007629396,59.592648815046545
2018-10-26,63.09000015258789,9740100,49.56522784747668,0.4001527500992239,0.26270851316241334,0.13744423693681057,63.699085980838476,61.70599994659424,59.712913912350004
2018-10-29,64.58999633789062,9684000,57.008463396813596,0.5768400633103212,0.32553482319199495,0.2513052401183263,64.18478864458058,61.918999671936035,59.6532106992915
2018-10-30,65.87000274658203,11658500,62.62800151155785,0.8108053918663529,0.42258893692686655,0.38821645493948637,64.99687815579914,62.14799976348877,59.2991213711784
2018-10-31,65.04000091552734,9911700,68.21562544204939,0.9186606411994376,0.5218032777813808,0.3968573634180568,65.41374803946569,62.35699977874756,59.30025151802943
2018-11-01,63.66999816894531,8897000,66.30531007758617,0.8834055816481694,0.5941237385547385,0.28928184309343086,65.54971831614813,62.45149974822998,59.35328118031182
2018-11-02,63.66999816894531,9939600,61.50669815528603,0.8457167961689933,0.6444423500775895,0.20127444609140377,65.67059938377072,62.53149967193603,59.39239996010135
2018-11-05,64.62999725341797,7185200,69.33864740411566,0.8831318707381755,0.6921802542097069,0.1909516165284686,65.87142092453546,62.604499626159665,59.33757832778388
2018-11-06,64.87000274658203,6977400,71.10227961056037,0.9215272320833847,0.7380496497844424,0.1834775822989423,66.10893832316034,62.692999839782715,59.277061356405085
2018-11-07,65.37000274658203,4793100,71.63741820345032,0.9809933729426277,0.7866383944160795,0.19435497852654815,66.4359067740922,62.81599998474121,59.196093195390226
2018-11-08,65.37000274658203,5698400,68.50648559808737,1.0164042425851463,0.8325915640498929,0.1838126785352534,66.72732156505413,63.028500175476076,59.329678785898025
2018-11-09,63.41999816894531,14986300,59.99997107342541,0.8770089263672745,0.8414750365133692,0.035533889853905265,66.62280338029491,63.19650001525879,59.77019665022268
2018-11-12,61.20000076293945,16509200,47.3426127369562,0.5807078578956251,0.7893216007898205,-0.20861374289419543,66.63827661338432,63.18450012207031,59.7307236307563
2018-11-13,60.0,11639600,41.09483763434883,0.24621883617599138,0.6807010478670548,-0.4344822116910634,66.72789329486451,63.14600009918213,59.56410690349975
2018-11-14,59.099998474121094,9124400,34.408615697255215,-0.09044611836022654,0.5264716146215985,-0.6169177329818251,66.9311761118477,63.070000076293944,59.20882404074019
2018-11-15,57.279998779296875,13850900,30.331769834273928,-0.49836939322945284,0.3215034130513883,-0.8198728062808411,67.45499665941024,62.8875,58.320003340589764
2018-11-16,56.779998779296875,11827900,21.64129818091557,-0.8521740172069983,0.08676792699971098,-0.9389419442067093,67.94394095710435,62.628999900817874,57.314058844531395
2018-11-19,55.68000030517578,10301600,12.509220949098108,-1.2074091533904436,-0.17206748907831995,-1.0353416643121236,68.48872954107956,62.34749984741211,56.206270153744654
2018-11-20,55.630001068115234,10165700,13.270908531604633,-1.4759561746855425,-0.4328452261997645,-1.043110948485778,68.87428507650759,62.036499977111816,55.19871487771604
2018-11-21,54.38999938964844,9007700,13.406967774853584,-1.7684537620202434,-0.6999669333638603,-1.0684868286563831,69.28173904046484,61.640499877929685,53.99926071539453
2018-11-23,53.720001220703125,4674300,12.734110864481451,-2.0309123665770272,-0.9661560200064937,-1.0647563465705336,69.54535133132426,61.16849994659424,52.79164856186423
2018-11-26,53.209999084472656,12202700,5.736472619955876,-2.254081958033602,-1.2237412076119154,-1.0303407504216866,69.71336495590242,60.674499893188475,51.63563483047453
2018-11-27,53.790000915527344,8955700,8.15711014328734,-2.356974432531871,-1.4503878525959064,-0.9065865799359645,69.47387186261115,60.134500122070314,50.79512838152948
2018-11-28,54.95000076293945,10652100,12.517992877221957,-2.318192486746568,-1.623948779426039,-0.6942437073205292,68.79186413889406,59.588500022888184,50.38513590688231
2018-11-29,55.939998626708984,15437200,18.33444563288991,-2.1824154348277958,-1.7356421105063904,-0.4467733243214054,68.09876945696652,59.13349990844726,50.168230359927996
2018-11-30,54.83000183105469,13911300,19.43060805479699,-2.139713324461262,-1.8164563532973648,-0.32325697116389707,67.58643393457243,58.69150009155273,49.79656624853304
2018-12-03,55.72999954223633,9370000,28.515306140795644,-2.010078368444944,-1.8551807563268807,-0.1548976121180632,66.95964074981333,58.29450016021728,49.62935957062123
2018-12-04,54.400001525878906,12359900,28.227054702076728,-1.9917023515781054,-1.8824850753771256,-0.10921727620097976,66.0731098568784,57.78300037384033,49.49289089080225
2018-12-06,54.400001525878906,12456700,30.351169288475532,-1.9546077246701472,-1.8969096052357302,-0.05769811943441705,64.96713329903645,57.25950031280517,49.551867326573905
2018-12-07,54.18000030517578,12371700,35.038607266340435,-1.9208202058135129,-1.9016917253512868,-0.01912848046222604,63.49982050610625,56.70000019073486,49.90017987536347
2018-12-10,53.36000061035156,10323000,33.98876163697773,-1.9378718951190592,-1.9089277593048415,-0.02894413581421773,61.68902106592851,56.09950008392334,50.50997910191817
2018-12-11,53.95000076293945,9348000,41.49458946595334,-1.8820819313187371,-1.9035585937076207,0.02147666238888357,60.096950905270496,55.626000213623044,51.15504952197559
2018-12-12,53.33000183105469,9310400,39.29236260955273,-1.8663822228355755,-1.8961233195332117,0.029741096697636138,58.961615661032184,55.23250026702881,51.50338487302544
2018-12-13,53.91999816894531,8120000,47.67095269240802,-1.7857473334192022,-1.8740481223104097,0.08830078889120752,57.944255981722975,54.928500175476074,51.91274436922917
2018-12-14,52.72999954223633,9411600,45.33457733578538,-1.7971501186746721,-1.8586685215832623,0.06151840290859023,57.06392864987634,54.61000022888184,52.156071807887336
2018-12-17,52.349998474121094,10744000,45.896938993166295,-1.815917057072916,-1.8501182286811932,0.03420117160827729,56.67442861328984,54.36350021362305,52.052571813956256
2018-12-18,50.88999938964844,11108300,37.235892317942,-1.9263934507950253,-1.8653732731039598,-0.06102017769106549,56.576168528987935,54.069000244140625,51.561831959293315
2018-12-19,51.400001525878906,17742300,33.426688450714664,-1.9503118971082642,-1.8823609979048208,-0.06795089920344344,56.50950211489156,53.85500030517578,51.200498495459996
2018-12-20,50.439998626708984,28763400,24.250918671170012,-2.023407071821836,-1.910570212688224,-0.11283685913361219,56.52035220141822,53.59550018310547,50.67064816479272
2018-12-21,49.09000015258789,34460600,23.717927444560218,-2.1653087870193772,-1.9615179275544548,-0.20379085946492248,56.851830973084496,53.33050022125244,49.80916946942039
2018-12-24,47.560001373291016,9548700,14.632028541212946,-2.373860645570822,-2.0439864711577282,-0.32987417441309397,57.37894916357478,53.02250022888184,48.6660512941889
2018-12-26,48.43000030517578,15019500,23.08384494093238,-2.440801809179341,-2.1233495387620507,-0.3174522704172902,57.59712251909076,52.783500289916994,47.96987806074323
2018-12-27,48.70000076293945,13388800,24.911961396327342,-2.4438946864962716,-2.187458568308895,-0.25643611818737666,57.64715321565778,52.5290002822876,47.410847348917414
2018-12-28,48.88999938964844,11424300,26.654882511977746,-2.40331064367097,-2.23062898338131,-0.17268166028966014,57.45695017709377,52.226000213623045,46.99505025015232
2018-12-31,49.38999938964844,9726400,31.97092097440097,-2.30423983355233,-2.245351153415514,-0.05888868013681625,56.96806828449435,51.89850025177002,46.82893221904568
2019-01-02,49.310001373291016,9412800,27.90474875658944,-2.2067427177152226,-2.2376294662754557,0.0308867485602331,56.62061723988241,51.62250022888183,46.62438321788126
2019-01-03,49.040000915527344,9835100,28.866977855950935,-2.126746521394189,-2.2154528772992026,0.08870635590501363,56.01687070628054,51.28800029754639,46.55912988881224
2019-01-04,50.29999923706055,10464000,33.271717605116635,-1.9393223245942153,-2.160226766758205,0.22090444216398986,55.59431032982086,51.08300018310547,46.57169003639008
2019-01-07,48.779998779296875,11432900,32.28698845840012,-1.8916330636227343,-2.1065080261311113,0.214874962508377,55.14017119582345,50.80200004577637,46.463828895729286
2019-01-08,49.060001373291016,10725400,35.113134262508495,-1.8103762213051198,-2.0472816651659134,0.2369054438607936,54.642382754340595,50.54600009918213,46.449617444023666
2019-01-09,49.65999984741211,9824200,43.964672679089574,-1.6782192589177853,-1.973469183916288,0.29524992499850256,54.25130011332537,50.361000061035156,46.47070000874494
2019-01-10,48.86000061035156,15910200,37.88167008096771,-1.6193700764263497,-1.9026493624183003,0.2832792859919506,53.6595634342691,50.10650005340576,46.55343667254242
2019-01-11,48.900001525878906,11219900,41.945616586761474,-1.5516178509972534,-1.832443060134091,0.28082520913683773,53.131006878827264,49.88500003814697,46.638993197466675
2019-01-14,48.2599983215332,10563400,45.310723309830195,-1.5319077550561886,-1.7723359991185108,0.24042824406232222,52.308961935582566,49.602000045776364,46.89503815597016
2019-01-15,47.90999984741211,10655000,52.281607286023785,-1.5269278401598143,-1.7232543673267715,0.1963265271669572,51.73290432219918,49.361000061035156,46.98909579987113
2019-01-16,47.20000076293945,13711000,41.8109199924214,-1.5622634139720404,-1.6910561766558254,0.12879276268378503,51.212770405788575,49.10350017547607,46.99422994516357
2019-01-17,47.060001373291016,13407100,38.888888888888886,-1.5833124511590313,-1.6695074315564666,0.08619498039743534,51.03375292497363,48.912000274658205,46.790247624342776
2019-01-18,48.310001373291016,13831400,46.56399223501071,-1.4820453156085591,-1.6320150083668852,0.14996969275832606,50.53919433801833,48.75750026702881,46.97580619603929
2019-01-22,44.970001220703125,23885200,30.407807414581896,-1.6522543205477191,-1.636062870803052,-0.01619144974466713,50.78259791360726,48.48400039672852,46.185402879849775
2019-01-23,44.70000076293945,15006600,29.90409712411102,-1.7883183430362166,-1.6665139652496852,-0.12180437778653141,51.0960771826847,48.26450042724609,45.43292367180748
2019-01-24,43.33000183105469,27841900,27.287194816624435,-1.9838291775232904,-1.7299770077044063,-0.25385216981888403,51.63785134042376,48.05300045013428,44.4681495598448
2019-01-25,44.2400016784668,14265700,25.20459511768746,-2.041806861415921,-1.7923429784467093,-0.24946388296921174,51.80547814484399,47.84350051879883,43.881522892753665
2019-01-28,45.29999923706055,17772000,35.20408146715354,-1.9794043086643143,-1.8297552444902303,-0.14964906417408397,51.770221145246374,47.67350044250488,43.57677973976339
2019-01-29,45.90999984741211,16785500,36.9726944581172,-1.8592950883475368,-1.8356632132616917,-0.023631875085845078,51.65158347373258,47.52450046539307,43.39741745705356
2019-01-30,47.79999923706055,23371900,43.04932364662325,-1.5932346927615981,-1.787177509161673,0.19394281640007494,51.481029657014474,47.44500045776367,43.408971258512864
2019-01-31,49.349998474121094,23635100,51.73389228243128,-1.2429796323773417,-1.6783379338048068,0.4353583014274651,51.486958222974884,47.44700031280517,43.40704240263546
2019-02-01,49.20000076293945,15596800,51.05336854786147,-0.9663638938528578,-1.5359431258144172,0.5695792319615594,51.50885004821906,47.45500030517578,43.4011505621325
2019-02-04,49.11000061035156,11725800,53.10446620814106,-0.7458089667953516,-1.3779162940106042,0.6321073272152526,51.30592548230148,47.395500373840335,43.48507526537919
2019-02-05,49.040000915527344,17882100,54.21328010391003,-0.5700942962742204,-1.2163518944633276,0.6462575981891072,51.33997757426307,47.40850048065185,43.47702338704064
2019-02-06,49.27000045776367,8815400,58.00464372536525,-0.4075817641915336,-1.054597868408969,0.6470161042174354,51.370121651872694,47.419000434875485,43.46787921787828
2019-02-07,48.720001220703125,8849400,56.22189197080125,-0.3194869073772608,-0.9075756762026275,0.5880887688253666,51.23219682922637,47.372000503540036,43.511804177853705
2019-02-08,48.84000015258789,8577800,52.170348690442566,-0.23725327961028597,-0.7735111968841593,0.5362579172738733,51.229583752072614,47.37100048065186,43.5124172092311
2019-02-11,48.88999938964844,7786800,71.97310721106845,-0.16613293946198127,-0.6520355453997237,0.4859026059377425,51.22825173915828,47.37050037384033,43.51274900852238
2019-02-12,49.65999984741211,8930100,76.32698548712762,-0.047094084430604255,-0.5310472532059,0.4839531687752957,51.415243543078745,47.44050045013428,43.465757357189815
2019-02-13,49.0,9106900,82.54881590979961,-0.0059428999752952905,-0.42602638255977904,0.42008348258448375,51.52633748962519,47.49500045776367,43.463663425902155
2019-02-14,49.13999938964844,7401400,80.8564437468441,0.0375338243417076,-0.3333143411794817,0.3708481655211893,51.68631708393223,47.59200038909912,43.49768369426601
2019-02-15,48.7400016784668,9161700,73.62641911626771,0.03926039977396556,-0.2587993929887923,0.29805979276275785,51.793231273582286,47.67600040435791,43.55876953513353
2019-02-19,48.9900016784668,11662900,72.25437891461792,0.060108737793271416,-0.19501776683237956,0.255126504625651,51.86037325623211,47.7100004196167,43.55962758300129
2019-02-20,50.5099983215332,11133600,70.6870544658249,0.19701119936021172,-0.11661197359386132,0.31362317295407305,52.10677004315313,47.9870002746582,43.86723050616327
2019-02-21,50.369998931884766,7337100,59.92220671106273,0.29085777834400517,-0.03511802320628802,0.3259758015502932,52.21448325767099,48.27050018310547,44.326517108539946
2019-02-22,51.5,8232900,68.7908701449026,0.45121221713144877,0.06214802486125934,0.3890641922701894,52.13000950714343,48.67900009155274,45.22799067596205
2019-02-25,51.84000015258789,15052000,71.42859709375963,0.5988265364205674,0.16948372717312096,0.4293428092474464,52.10147750538016,49.05900001525879,46.01652252513742
2019-02-26,52.099998474121094,12231100,73.32318792879066,0.7283951536905349,0.28126601247660377,0.4471291412139311,52.18145494634521,49.398999977111814,46.616545007878415
2019-02-27,52.31999969482422,8597400,73.28246675530752,0.8391581830756252,0.39284444659640805,0.4463137364792171,52.27743815682421,49.71949996948242,47.16156178214063
2019-02-28,52.40999984741211,11194800,80.29559242195991,0.9235547774376087,0.4989865127646482,0.4245682646729605,52.608498910000016,49.95,47.29150108999999
2019-03-01,52.75,7386500,80.98259686227236,1.006275143854289,0.6004442389825764,0.4058309048717126,53.03901850572245,50.12000007629395,47.20098164686544
2019-03-04,52.459999084472656,8437100,77.25192511307236,1.0364830485676961,0.6876520008996003,0.3488310476680958,53.34622818215455,50.282999992370605,47.21977180258666
2019-03-05,52.880001068115234,9527800,75.96776456169107,1.0818428694905151,0.7664901746177833,0.31535269487273176,53.69081131272227,50.47150001525879,47.25218871779531
2019-03-06,54.66999816894531,13335200,88.67668931894329,1.2478442885761396,0.8627609974094547,0.38508329116668494,54.4012781585981,50.75299987792969,47.104721597261275
2019-03-07,54.7400016784668,20093400,88.56751779272948,1.3692662582651565,0.964062049580595,0.4052042086845614,55.01128782534186,51.02649993896485,47.04171205258783
2019-03-08,55.369998931884766,13411200,94.25900630418374,1.4990494483709114,1.0710595293386584,0.4279899190322529,55.63273755897025,51.35899982452393,47.085262090077606
2019-03-11,56.0099983215332,11709200,94.54314143333912,1.634702332689308,1.1837880900087885,0.4509142426805195,56.293730002832476,51.71749973297119,47.14126946310991
2019-03-12,55.75,17503300,89.57705833779438,1.7016133892530405,1.287353149857639,0.4142602393954016,56.77078562668036,52.06049976348877,47.350213900297184
2019-03-13,56.130001068115234,11166300,91.98251912353167,1.764958451661137,1.3828742102183387,0.3820842414427983,57.28496990182045,52.383999824523926,47.4830297472274
2019-03-14,56.400001525878906,11896000,90.83334604899089,1.8160127854872528,1.4695019252721215,0.3465108602151312,57.6964364465734,52.753999900817874,47.81156335506235
2019-03-15,56.75,24580600,90.84859582922084,1.8632374234804772,1.5482490249137928,0.31498839856668437,58.07717951410904,53.13449993133545,48.191820348561855
2019-03-18,57.29999923706055,8272400,91.26985232275733,1.922877891833494,1.6231747982977331,0.29970309353576075,58.383920839946576,53.562499809265134,48.74107877858369
2019-03-19,56.0099983215332,16077100,75.03391561391533,1.8447855601952625,1.667496950677239,0.1772886095180235,58.339201387848355,53.913499641418454,49.48779789498855
2019-03-20,55.720001220703125,16750600,71.86263655691386,1.7394452403532767,1.6818866086124467,0.05755863174083009,58.36320624221335,54.17399978637695,49.984793330540555
2019-03-21,56.93000030517578,10413400,74.7630502048819,1.7336150564423747,1.6922322981784323,0.04138275826394233,58.45789689014082,54.501999855041504,50.546102819942185
2019-03-22,55.91999816894531,8850200,68.88646606458835,1.6287209806141192,1.6795300346655697,-0.05080905405145053,58.46058196315093,54.72299976348877,50.985417563826616
2019-03-25,56.54999923706055,8620400,69.58377844943264,1.5782345849787873,1.6592709447282132,-0.08103635974942591,58.52064747529487,54.9584997177124,51.39635196012993
2019-03-26,57.029998779296875,7146400,64.64020673204345,1.5589846990613694,1.6392136955948446,-0.08022899653347526,58.613258832481165,55.20499973297119,51.79674063346121
2019-03-27,56.29999923706055,7819700,58.944946703565435,1.4679030904968258,1.604951574575241,-0.1370484840784152,58.55830743463835,55.403999710083006,52.24969198552766
2019-03-28,56.70000076293945,9951000,57.83275715963591,1.4117235691503112,1.5663059734902551,-0.15458240433994397,58.48596700283308,55.618499755859375,52.75103250888567
2019-03-29,57.43000030517578,9447400,58.27507174789202,1.40985383848286,1.535015546488776,-0.12516170800591597,58.488859829875466,55.85249977111816,53.21613971236086
2019-04-01,57.72999954223633,7011900,61.4849175613726,1.4162538024435847,1.5112631976797377,-0.09500939523615304,58.34696241124088,56.11599979400635,53.88503717677182
2019-04-02,56.689998626708984,8457900,53.017228622071976,1.322165338753159,1.4734436258944221,-0.15127828714126323,57.94637484586102,56.30649967193604,54.66662449801105
2019-04-03,53.97999954223633,18583800,39.67575717037932,1.0171996315306089,1.3821948270216595,-0.36499519549105064,58.07750687523197,56.271999740600585,54.4664926059692
2019-04-04,54.599998474121094,8452600,41.03418720208609,0.8161329707911449,1.2689824557755567,-0.4528494849844118,58.09641583940478,56.264999580383304,54.43358332136183
2019-04-05,54.77000045776367,7743700,39.104226329492576,0.6628628624021928,1.1477585371008838,-0.484895674698691,58.14607003726795,56.234999656677246,54.323929276086545
2019-04-08,55.279998779296875,5607100,46.62973372140166,0.5759090782037788,1.033388645321463,-0.4574795671176841,58.155008848379836,56.19849967956543,54.24199051075102
2019-04-09,55.11000061035156,6045700,47.15219111813025,0.487658720090252,0.9242426602752208,-0.4365839401849688,58.17416171280277,56.16649971008301,54.15883770736325
2019-04-10,55.41999816894531,5786400,42.303758858188104,0.4376884872670175,0.8269318256735803,-0.3892433384065628,58.166297763927815,56.13099956512451,54.09570136632121
2019-04-11,55.97999954223633,5259700,50.32052026619749,0.43822259118922346,0.7491899787767089,-0.31096738758748543,58.14227602034382,56.10999946594238,54.07772291154094
2019-04-12,56.560001373291016,4689000,50.05371717966368,0.47991501136978343,0.6953349852953239,-0.21541997392554046,58.121926806744504,56.10049953460693,54.07907226246936
2019-04-15,56.939998626708984,4667200,49.51139957214069,0.5374240672098978,0.6637528016782387,-0.12632873446834092,58.064990133047296,56.082499504089355,54.100008875131415
2019-04-16,56.38999938964844,5403800,50.498339993215495,0.5324819459833918,0.6374986305392694,-0.10501668455587754,58.0883435459463,56.10149955749512,54.11465556904393
2019-04-17,56.18000030517578,6002100,47.05881845262112,0.505789679640209,0.6111568403594573,-0.10536716071924823,58.103382734365056,56.12449951171875,54.14561628907245
2019-04-18,54.369998931884766,18001200,34.5765972035023,0.3347253764633322,0.5558705475802322,-0.22114517111690002,58.0841906758684,55.9964994430542,53.90880821024
2019-04-22,54.61000061035156,9066800,34.17849926046692,0.21603153634245587,0.48790274533267697,-0.2718712089902211,58.109042222622016,55.93099956512451,53.752956907627
2019-04-23,54.81999969482422,9228900,39.64562583248527,0.13732795282856358,0.41778778683185436,-0.2804598340032908,58.05618610011244,55.844499588012695,53.63281307591295
2019-04-24,54.709999084472656,9662200,55.67651586837803,0.06532563269330183,0.3472953560041439,-0.2819697233108421,57.92166890159985,55.72849960327149,53.53533030494312
2019-04-25,51.40999984741211,16929600,32.49176866763172,-0.25507869552796336,0.22682054569772245,-0.48189924122568584,58.38498616548985,55.48399963378906,52.58301310208827
2019-04-26,52.790000915527344,9129600,40.40697513237781,-0.3931152925977841,0.10283337803862115,-0.49594867063640524,58.36606699854476,55.288499641418454,52.21093228429215
2019-04-29,53.5099983215332,8045500,41.59543540279853,-0.43934798677342,-0.005602894923787086,-0.43374509184963295,58.09418223009166,55.092499542236325,52.09081685438099
2019-04-30,54.33000183105469,15760100,46.511633461513526,-0.4051499830258507,-0.08551231254419982,-0.31963767048165087,57.66955424548464,54.922499656677246,52.17544506786985
2019-05-01,53.38999938964844,7372100,41.405597427842174,-0.4487255311645697,-0.1581549562682738,-0.2905705748962959,57.45349954068237,54.75749969482422,52.061499848966065
2019-05-02,53.15999984741211,5803000,37.717774955522906,-0.49609977844693276,-0.22574392070400562,-0.27035585774292714,57.486217588642276,54.716499710083006,51.94678183152374
2019-05-03,53.7599983215332,5138100,37.82607368800951,-0.47969966908359396,-0.2765350703799233,-0.20316459870367065,57.47693825365005,54.674499702453616,51.872061151257185
2019-05-06,53.529998779296875,7234300,34.977977269786436,-0.4797314594863451,-0.3171743482012077,-0.1625571112851374,57.460537741743636,54.61249961853027,51.76446149531691
2019-05-07,52.939998626708984,6808400,34.855136995821255,-0.5213548805554993,-0.35801045467206605,-0.16334442588343323,57.419329106645314,54.49549961090088,51.571670115156444
2019-05-08,51.959999084472656,8784600,32.64802652217669,-0.6262010584882916,-0.41164857543531114,-0.21455248305298041,57.45541161352318,54.337999534606936,51.22058745569069
2019-05-09,51.9900016784668,7161400,38.53566409511602,-0.6988159361684296,-0.46908204758193484,-0.2297338885864948,57.40819695634208,54.16649971008301,50.92480246382394
2019-05-10,52.11000061035156,7825800,37.81676666921972,-0.7381716556117155,-0.5228999691878911,-0.21527168642382444,57.22091139186449,53.97299976348877,50.725088135113054
2019-05-13,51.439998626708984,6150200,34.235077050087455,-0.814041147823815,-0.5811282049150759,-0.2329129429087391,56.913056844072415,53.71699962615967,50.520942408246924
2019-05-14,51.88999938964844,5527600,37.25136359842362,-0.8283087387204873,-0.6305643116761582,-0.19774442704432904,56.37348016786078,53.46449966430664,50.55551916075251
2019-05-15,52.130001068115234,4803900,54.50000333785692,-0.8109022018105989,-0.6666318897030463,-0.1442703121075526,55.867654199370946,53.25149974822998,50.63534529708902
2019-05-16,52.029998779296875,6350800,44.34522964787893,-0.7960009414956559,-0.6925057000615683,-0.10349524143408761,55.31811386639796,53.043999671936035,50.76988547747411
2019-05-17,52.349998474121094,6129900,40.82280219199844,-0.7497278879125417,-0.7039501376317631,-0.045777750280778684,55.147512796762385,52.94299964904785,50.73848650133331
2019-05-20,52.33000183105469,7133900,31.88407199268022,-0.7065253372540141,-0.7044651775562133,-0.002060159697800823,54.902459871050574,52.82899971008301,50.75553954911545
2019-05-21,51.869998931884766,6218900,34.9206445318561,-0.7013210022017162,-0.7038363424853139,0.002515340283597678,54.57007207981724,52.68149967193604,50.79292726405484
2019-05-22,52.83000183105469,6970600,47.14040247974808,-0.6126698417317797,-0.6856030423346071,0.07293320060282737,54.220860942186626,52.58749980926514,50.95413867634365
2019-05-23,52.810001373291016,6493700,40.84783135983771,-0.5378272899404024,-0.6560478918557662,0.11822060191536377,54.19560373375825,52.65749988555908,51.11939603735992
2019-05-24,52.400001525878906,5735000,39.47863063288334,-0.5057674176473768,-0.6259917970140884,0.1202243793667116,54.178916955638925,52.63799991607666,51.09708287651439
2019-05-28,49.869998931884766,18094100,29.00140689545765,-0.6767091215808989,-0.6361352619274505,-0.040573859653448396,54.37638854405117,52.45599994659424,50.53561134913731
2019-05-29,50.189998626708984,10412200,36.69175183750454,-0.777398980955013,-0.6643880057329631,-0.11301097522204995,54.21092077448855,52.248999786376956,50.28707879826536
2019-05-30,50.209999084472656,5801700,36.59638787824471,-0.8458323216578094,-0.7006768689179323,-0.14515545273987707,54.17419644825643,52.089999771118165,50.0058030939799
2019-05-31,49.060001373291016,6416500,30.117370179847583,-0.9815467812581602,-0.756850851385978,-0.22469592987218223,54.30547830167651,51.88499984741211,49.46452139314771
2019-06-03,50.099998474121094,6306400,41.66667062053796,-0.9937273238274571,-0.8042261458742739,-0.18950117795318322,54.078628667431694,51.70199985504151,49.32537104265132
2019-06-04,50.41999816894531,5846400,40.70796118752291,-0.9664189148706654,-0.8366646996735522,-0.12975421519711328,53.82445248322994,51.54649982452393,49.268547165817914
2019-06-05,49.689998626708984,8692100,35.47617858229526,-0.9922436985174414,-0.86778049944233,-0.12446319907511139,53.706643838913415,51.383999824523926,49.06135581013444
2019-06-06,50.75,7267900,43.16240012911282,-0.9166106565135834,-0.8775465308565807,-0.03906412565700268,53.6460068200068,51.323499870300296,49.000992920593795
2019-06-07,51.380001068115234,5161500,44.984502548982555,-0.7966517987234312,-0.8613675844299509,0.0647157857065197,53.59458033620368,51.292999839782716,48.991419343361756
2019-06-10,51.209999084472656,4989100,44.297342610835905,-0.7071496974550797,-0.8305240070349766,0.12337430957989692,53.517288752118134,51.24799976348877,48.97871077485941
2019-06-11,52.150001525878906,6709000,51.359234987046705,-0.5539823327884363,-0.7752156721856687,0.22123333939723233,53.58738600080371,51.28349990844727,48.979613816090826
2019-06-12,51.59000015258789,6698600,43.73736863865858,-0.4723386969983068,-0.7146402771481963,0.24230158014988956,53.5596308396355,51.26849994659424,48.97736905355298
2019-06-13,51.209999084472656,4074200,42.202722413266805,-0.4333035838272252,-0.6583729384840021,0.2250693546567769,53.477459370399075,51.22249984741211,48.967540324425144
2019-06-14,50.86000061035156,5669300,42.45097929218698,-0.4257026915709119,-0.6118388891013842,0.18613619753047228,53.391290387496845,51.16399993896484,48.93670949043284
2019-06-17,50.86000061035156,4876200,56.45372504842974,-0.4148962638308191,-0.5724503640472712,0.1575541002164521,53.24838506062145,51.08950004577637,48.930615030931286
2019-06-18,50.119998931884766,6253400,49.56736921819021,-0.46073299976593063,-0.5501068911910032,0.08937389142507257,53.09637705189917,50.97899990081787,48.86162274973657
2019-06-19,49.900001525878906,8193500,48.130292374195534,-0.5089441044703591,-0.5418743338468743,0.03293022937651524,53.006624363684544,50.88050003051758,48.75437569735062
2019-06-20,50.2599983215332,9301900,57.99997965494792,-0.5121987115857962,-0.5359392093946587,0.02374049780886245,52.683791574718576,50.751999855041504,48.82020813536443
2019-06-21,48.0,23069000,37.95872603128052,-0.6891963614813221,-0.5665906398119914,-0.1226057216693307,52.55870423308715,50.51149978637695,48.464295339666755
2019-06-24,48.4900016784668,10215100,39.145130512804116,-0.7809271913339515,-0.6094579501163835,-0.171469241217568,52.35059943450668,50.315999794006345,48.28140015350601
2019-06-25,48.779998779296875,7197100,44.6153860044413,-0.8207629480886354,-0.6517189497108339,-0.16904399837780149,52.402038670464606,50.26149978637695,48.1209609022893
2019-06-26,47.939998626708984,10469300,32.928301764355524,-0.909628434093321,-0.7033008465873313,-0.20632758750598967,52.52852592723559,50.148999786376955,47.76947364551832
2019-06-27,47.900001525878906,5906900,27.225120694794583,-0.9720769062818064,-0.7570560585262263,-0.21502084775558017,52.61614053738795,50.03349990844727,47.45085927950659
2019-06-28,47.349998474121094,20573100,25.935148216747194,-1.0538008597744692,-0.8164050187758749,-0.23739584099859434,52.768598057282915,49.94799976348877,47.12740146969462
2019-07-01,47.689998626708984,7173700,19.9460492404788,-1.0786979523639957,-0.8688636054934991,-0.20983434687049662,52.8213527912236,49.82749977111816,46.83364675101272
2019-07-02,48.599998474121094,6098300,30.759302199418016,-1.0133187869085063,-0.8977546417765006,-0.11556414513200575,52.764963899168634,49.73649978637695,46.70803567358527
2019-07-03,49.189998626708984,3909200,37.34334270118127,-0.9034824623490962,-0.8989002058910197,-0.004582256458076528,52.74981915739311,49.711499786376955,46.6731804153608
2019-07-05,48.779998779296875,5291000,37.064654427994206,-0.839838806008089,-0.8870879259144336,0.04724911990634462,52.63726102856787,49.612999725341794,46.58873842211572
2019-07-08,49.08000183105469,6502400,39.32853980277001,-0.7564728625122754,-0.860964913234002,0.10449205072172663,52.4122672521631,49.49799976348877,46.583732274814444
2019-07-09,48.349998474121094,6056300,39.37574502246,-0.7407707772779375,-0.8369260860427892,0.09615530876485168,52.19529331822706,49.354999732971194,46.51470614771533
2019-07-10,49.0,6533000,44.86300624199284,-0.6681747679526708,-0.8031758224247656,0.13500105447209476,51.71637098483069,49.197499656677245,46.6786283285238
2019-07-11,49.2599983215332,5857000,44.226330386121205,-0.5829424185532801,-0.7591291416504685,0.1761867230971884,51.33562231011387,49.080999565124515,46.82637682013516
2019-07-12,49.5,6103600,61.29516878294051,-0.4903762853449649,-0.7053785703893679,0.215002285044403,51.02903452891192,48.99549961090088,46.961964692889836
2019-07-15,49.540000915527344,4616900,58.48140691316119,-0.4090736716457286,-0.6461175906406401,0.2370439189949115,50.786237171438586,48.92949962615967,47.07276208088075
2019-07-16,49.40999984741211,5569400,55.223880597014926,-0.3510836900313592,-0.5871108105187839,0.2360271204874247,50.49692412313538,48.8569995880127,47.21707505289002
2019-07-17,49.45000076293945,5381800,64.43593656091541,-0.29845803379532754,-0.5293802551740926,0.23092222137876506,50.38004527852463,48.82349967956543,47.266954080606226
2019-07-18,50.529998779296875,9852100,70.9728250487027,-0.16767218747597212,-0.4570386416344685,0.2893664541584964,50.5246607485318,48.85499954223633,47.185338335940855
2019-07-19,50.529998779296875,5262500,77.79716245650118,-0.06329384990409892,-0.3782896832883946,0.31499583338429565,50.58956755944212,48.86849956512451,47.147431570806894
2019-07-22,49.66999816894531,4983700,65.86535728193445,-0.04939868995527519,-0.3125114846217707,0.2631127946664955,50.65762609206569,48.951999473571775,47.24637285507786
2019-07-23,50.040000915527344,6243400,62.63157331163199,-0.008433331977940384,-0.25169585409300466,0.24326252211506427,50.78681201052747,49.0294994354248,47.27218686032214
2019-07-24,49.779998779296875,4280200,55.49346921291709,0.0030172291537624574,-0.20075323744365123,0.20377046659741369,50.86362235124941,49.07949943542481,47.295376519600204
2019-07-25,49.59000015258789,4086800,57.86407119762674,-0.0032025034765723603,-0.16124309065023545,0.1580405871736631,50.87545848710334,49.16199951171875,47.44854053633416
2019-07-26,49.86000061035156,7352900,57.617160142454814,0.013499480449198131,-0.12629457643034875,0.13979405687954688,50.89180245220728,49.259999465942386,47.62819647967749
2019-07-29,50.310001373291016,6271600,70.24793127881215,0.062328736916704486,-0.0885699137609381,0.15089865067764258,50.83440687849315,49.40799961090088,47.98159234330861
2019-07-30,48.5,13184600,45.83333863151724,-0.04451259604982738,-0.07975845021871596,0.03524585416888858,50.70545170246718,49.44849967956543,48.19154765666368
2019-07-31,47.06999969482422,12252300,34.728063524999,-0.24178702547011,-0.11216416526899477,-0.12962286020111524,50.98281338991978,49.371999740600586,47.761186091281395
2019-08-01,47.880001068115234,9933800,39.534903205869696,-0.3289758617565681,-0.15552650456650946,-0.17344935719005866,51.049579645488585,49.3064998626709,47.56342007985321
2019-08-02,47.93000030517578,7072200,39.61290951350106,-0.38954864777952025,-0.20233093320911164,-0.18721771457040862,51.10009858524907,49.263999938964844,47.427901292680616
2019-08-05,46.650001525878906,10326000,34.494400756424014,-0.5346748226670002,-0.26879971110068934,-0.26587511156631083,51.31976832146637,49.142499923706055,46.96523152594574
2019-08-06,46.15999984741211,8779100,32.406423701208624,-0.6813729588506447,-0.35131436065068045,-0.3300585981999643,51.56884024214182,49.032999992370605,46.49715974259939
2019-08-07,46.22999954223633,13216200,24.220652129664813,-0.782958440788029,-0.43764317667815017,-0.34531526410987884,51.72355541221895,48.894499969482425,46.0654445267459
2019-08-08,46.5,10565400,26.59700974098186,-0.8320871044696432,-0.5165319622364488,-0.31555514223319436,51.7735061098735,48.75650005340576,45.739493996938016
2019-08-09,46.15999984741211,8125000,28.306582539077027,-0.8882182679084636,-0.5908692233708518,-0.2973490445376118,51.79696789230026,48.58950004577637,45.38203219925248
2019-08-12,45.97999954223633,4558500,24.30380614783921,-0.936432528361351,-0.6599818843689517,-0.2764506439923994,51.7875658258551,48.411499977111816,45.035434128368536
2019-08-13,46.779998779296875,5744700,32.227493292643246,-0.899718035123179,-0.7079291145197972,-0.19178892060338182,51.69694213346828,48.27999992370606,44.86305771394383
2019-08-14,45.869998931884766,8907400,29.69432459895721,-0.9332925022073653,-0.7530017920573109,-0.18029071015005438,51.633018159855595,48.10099983215332,44.568981504451045
2019-08-15,45.4900016784668,6363500,26.429348888408782,-0.9792746433327935,-0.7982563623124075,-0.18101828102038597,51.37048817638906,47.848999977111816,44.32751177783457
2019-08-16,46.47999954223633,6986700,30.47908876542212,-0.9251665238188806,-0.8236383946137021,-0.10152812920517851,50.979602215792006,47.64650001525879,44.31339781472557
2019-08-19,46.70000076293945,4439900,39.05109607610463,-0.8546809593137823,-0.8298469075537181,-0.024834051760064146,50.71410208931298,47.498000144958496,44.28189820060401
2019-08-20,46.029998779296875,5619400,43.0294836249242,-0.8431647241737039,-0.8325104708777153,-0.01065425329598857,50.3417347925179,47.29750003814697,44.253265283776045
2019-08-21,46.25,5323600,38.136817164918774,-0.8069833630913621,-0.8274050493204447,0.02042168622908258,49.96173375718731,47.121000099182126,44.28026644117694
2019-08-22,46.59000015258789,8287000,40.64245683558068,-0.7423172319732174,-0.8103874858509993,0.06807025387778187,49.569274681700065,46.97100009918213,44.37272551666419
2019-08-23,46.40999984741211,10740100,48.01978858020903,-0.6975524272995344,-0.7878204741407063,0.09026804684117196,49.019958491175196,46.798500061035156,44.57704163089512
2019-08-26,47.119998931884766,12763200,57.64330629838227,-0.5978928678702005,-0.7498349528866052,0.15194208501640472,48.140198244471584,46.638999938964844,45.1378016334581
2019-08-27,45.25,58065900,43.93564490825131,-0.6621721264976301,-0.7323023876088102,0.07013026111118004,47.82537528160686,46.47649993896484,45.127624596322825
2019-08-28,45.849998474121094,20298000,46.13554201838857,-0.657124121771588,-0.7172667344413657,0.06014261266977772,47.761706967165175,46.41549987792969,45.069292788694206
2019-08-29,44.25,18214200,40.12409016261192,-0.7733157442463607,-0.7284765364023646,-0.04483920784399609,47.72036450679212,46.23399982452393,44.74763514225573
2019-08-30,43.7400016784668,13984600,38.800002136232095,-0.8962199784529332,-0.7620252248124785,-0.13419475364045474,47.67628581973327,46.02449989318848,44.37271396664368
2019-09-03,44.040000915527344,8934800,35.57894703027587,-0.9583675734822776,-0.8012936945464384,-0.15707387893583924,47.738836942307735,45.893999862670896,44.049162783034056
2019-09-04,44.29999923706055,7839500,41.12993605095234,-0.9753965345541005,-0.8361142625479708,-0.13928227200612964,47.77255359710511,45.80099983215332,43.82944606720154
2019-09-05,43.849998474121094,9043300,40.80715110786662,-1.0135201799069264,-0.871595446019762,-0.14192473388716442,47.82442882182909,45.68199977874756,43.53957073566603
2019-09-06,43.849998474121094,10429600,33.417388196368975,-1.0318390452983763,-0.903644165875485,-0.12819487942289132,47.803781685742734,45.549499702453616,43.2952177191645
2019-09-09,44.040000915527344,10164500,33.16455305014108,-1.0192756932815072,-0.9267704713566896,-0.0925052219248177,47.774961726520864,45.44349975585938,43.11203778519789
2019-09-10,44.2400016784668,11305600,37.954253389460234,-0.9818624569850058,-0.9377888684823529,-0.04407358850265297,47.73308927415751,45.3564998626709,42.979910451184296
2019-09-11,44.720001220703125,16156100,40.052016830316795,-0.9030702148422947,-0.9308451377543413,0.02777492291204664,47.54744825675819,45.25349998474121,42.959551712724235
2019-09-12,44.459999084472656,9625500,36.005243331169495,-0.8517879138902629,-0.9150336929815257,0.06324577909126283,47.48382874251991,45.182999992370604,42.8821712422213
2019-09-13,42.0099983215332,21099500,27.732779610051352,-0.9973441445026126,-0.9314957832857431,-0.06584836121686943,47.704562644491105,45.008999824523926,42.31343700455675
2019-09-16,41.40999984741211,16502700,20.77788614940343,-1.1478813072256173,-0.974772888073718,-0.17310841915189934,47.79964852116849,44.755499839782715,41.71135115839694
2019-09-17,41.310001373291016,11659500,25.37499684095232,-1.2607193465285107,-1.0319621797646765,-0.22875716676383417,47.75161875561987,44.48599987030029,41.22038098498071
2019-09-18,40.84000015258789,13290500,18.17027317986323,-1.372251020607905,-1.1000199479333224,-0.2722310726745827,47.78703933831546,44.22649993896484,40.665960539614225
2019-09-19,40.119998931884766,22526700,20.45779630612965,-1.5014311928845245,-1.180302196923563,-0.32112899596096156,47.78911636943218,43.91999988555908,40.05088340168598
2019-09-20,40.810001373291016,31224800,29.567657352144693,-1.5304874727852535,-1.2503392520959011,-0.2801482206893524,47.523788590211105,43.63099994659424,39.73821130297737
2019-09-23,40.880001068115234,10826000,27.233451017187562,-1.53022689052451,-1.3063167797816229,-0.22391011074288714,47.20148587681373,43.3545000076294,39.50751413844507
2019-09-24,40.72999954223633,11577900,23.865338580443094,-1.5245501812390572,-1.3499634600731099,-0.1745867211659473,46.61753346263255,43.035000038146975,39.4524666136614
2019-09-25,40.560001373291016,26028300,24.88554464210314,-1.5162899332391007,-1.3832287547063082,-0.13306117853279242,46.386545618528444,42.800500106811526,39.21445459509461
2019-09-26,40.65999984741211,11894400,26.015067181640816,-1.4845614853521099,-1.4034953008354685,-0.08106618451664138,45.94437862817818,42.54100017547607,39.137621722773964
2019-09-27,40.130001068115234,8618500,22.031481341004934,-1.4850640400813973,-1.4198090486846544,-0.06525499139674285,45.80100642361144,42.33500022888184,38.86899403415224
2019-09-30,40.900001525878906,9891900,27.910055913561806,-1.407109434875828,-1.4172691259228893,0.010159691047061381,45.64933253760334,42.19300022125244,38.73666790490154
2019-10-01,41.15999984741211,7696100,25.74930995038295,-1.3092578474856182,-1.3956668702354353,0.0864090227498171,45.42025840664252,42.04900016784668,38.67774192905084
2019-10-02,40.209999084472656,9586900,23.53673321247915,-1.2934567176852028,-1.375224839725389,0.08176812204018624,45.13608714421229,41.84450016021729,38.55291317622228
2019-10-03,40.810001373291016,11412600,40.29128730594735,-1.2184732371929883,-1.343874519218909,0.1254012820259207,44.87303893159395,41.692500305175784,38.511961678757615
2019-10-04,41.650001525878906,12485900,51.869171373142045,-1.0788312019890185,-1.2908658557729311,0.21203465378391262,44.59668383327641,41.58250045776367,38.568317082250935
2019-10-07,42.16999816894531,16154000,56.28652614378174,-0.9156494626872913,-1.215822577155803,0.3001731144685118,44.290735921540936,41.48900032043457,38.687264719328205
2019-10-08,42.0,9985000,58.86850429386947,-0.7909268774216116,-1.1308434372089649,0.33991655978735325,43.87872230120158,41.37700023651123,38.87527817182088
2019-10-09,42.459999084472656,7764100,68.63058940157192,-0.6475012568433058,-1.034175001135833,0.3866737442925272,43.28859956060185,41.26400012969971,39.23940069879757
2019-10-10,42.97999954223633,10563700,67.75777955644571,-0.48627030669005933,-0.9245940622466783,0.43832375555661895,42.785453448795934,41.19000015258789,39.59454685637985
2019-10-11,42.56999969482422,7714800,63.10077849478391,-0.38711476027592084,-0.8170982018525268,0.42998344157660595,42.89178005707971,41.21800022125244,39.54422038542517
2019-10-14,42.720001220703125,6743000,65.42638602293434,-0.2930512929551199,-0.7122888200730455,0.4192375271179256,43.08645972405257,41.283500289916994,39.48054085578142
2019-10-15,43.43000030517578,7003900,70.52933744818911,-0.15937712472072008,-0.6017064810025804,0.4423293562818603,43.43234078519688,41.38950023651123,39.346659687825586
2019-10-16,43.5099983215332,7916800,70.44477112342665,-0.04644877936073755,-0.4906549406742119,0.44420616131347435,43.754865328359685,41.523000144958495,39.291134961557304
2019-10-17,44.279998779296875,9255800,78.77947596289424,0.10398171325697803,-0.37172760988797393,0.47570932314495196,44.1774004817451,41.731000137329104,39.284599792913106
2019-10-18,44.33000183105469,13209800,76.42528069480413,0.2246442319637154,-0.2524532415176361,0.4770974734813515,44.57119572297748,41.90700016021729,39.242804597457095
2019-10-21,45.560001373291016,10422000,79.49063046828738,0.4147399667190257,-0.11901459987030374,0.5337545665893294,45.215848090199046,42.14100017547607,39.0661522607531
2019-10-22,46.34000015258789,9921700,92.0439197939958,0.6211711148989281,0.029022543083542615,0.5921485718153855,45.94516004820267,42.42150020599365,38.89784036378463
2019-10-23,46.75,9323100,91.83100770945525,0.808532587883029,0.1849245520434399,0.623608035839589,46.633274161528085,42.731000137329104,38.828726113130124
2019-10-24,46.959999084472656,7872800,91.03557046584162,0.962863781855475,0.340512398005847,0.6223513838496281,47.24982461188129,43.04600009918213,38.84217558648297
2019-10-25,46.79999923706055,6805200,87.88873564883289,1.0600422077456741,0.48441835995381244,0.5756238477918617,47.6667561031016,43.379500007629396,39.092243912157194
2019-10-28,45.9900016784668,12435400,79.555584691696,1.059483708167889,0.5994314295966278,0.4600522785712612,47.90579451328635,43.63400001525879,39.36220551723123
2019-10-29,46.380001068115234,9042500,79.34134762817646,1.0780833112835424,0.6951618059340108,0.3829215053495316,48.168209357707894,43.89500007629395,39.62179079488
2019-10-30,45.959999084472656,7848800,72.6443802477467,1.0468653684621216,0.7655025184396329,0.28136285002248873,48.17639995162152,44.18250007629395,40.18860020096638
2019-10-31,44.790000915527344,12698200,65.12263166428984,0.9171435893162254,0.7958307326149515,0.1213128567012739,48.051339056536484,44.38150005340576,40.71166105027503
2019-11-01,45.060001373291016,9254400,65.68365707997523,0.8265964360256177,0.8019838732970849,0.02461256272853285,47.99750167007642,44.55200004577637,41.10649842147632
2019-11-04,45.599998474121094,8863500,64.88340306892417,0.7893117235590168,0.7994494433494713,-0.010137719790454525,48.00745337548043,44.72350006103515,41.439546746589876
2019-11-05,46.25,9413800,67.4300432284,0.8029570224252751,0.8001509591646322,0.0028060632606429214,48.02197116966327,44.93600006103516,41.85002895240705
2019-11-06,45.90999984741211,7713300,60.96905678356691,0.7773747569724563,0.795595718726197,-0.018220961753740772,47.99068689616451,45.10850009918213,42.22631330219975
2019-11-07,45.97999954223633,8383500,61.07382034858685,0.7540567211538232,0.7872879192117224,-0.0332311980578992,47.98216829671304,45.25850009918213,42.534831901651216
2019-11-08,46.40999984741211,5604100,56.3909718366092,0.7614963844306999,0.7821296122555179,-0.020633227824818023,47.90419280519561,45.450500106811525,42.996807408427436
2019-11-11,46.40999984741211,5895600,50.59625002599456,0.758647158970355,0.7774331215984853,-0.01878596262813037,47.7566725868146,45.63500003814697,43.51332748947934
2019-11-12,47.0,6631900,52.06611726577426,0.7948348473891187,0.780913466756612,0.013921380632506697,47.74637650492258,45.813500022888185,43.88062354085379
2019-11-13,46.83000183105469,7733800,48.91849107956666,0.8005679704521782,0.7848443674957253,0.01572360295645292,47.62887579141404,45.979500198364256,44.330124605314474
2019-11-14,46.630001068115234,6413400,48.59505539196832,0.7799819750055335,0.783871888997687,-0.0038899139921535486,47.56101138863797,46.09700031280518,44.632989236972385
2019-11-15,47.970001220703125,8329800,65.04559376244632,0.8618592616853391,0.7994693635352175,0.06238989815012164,47.72298446589459,46.2790002822876,44.835016098680605
2019-11-18,48.34000015258789,11529900,64.9390229719294,0.9457019593576419,0.8287158826997024,0.11698607665793948,48.088078719596766,46.41800022125244,44.74792172290812
2019-11-19,46.93000030517578,10280000,56.42385303857242,0.8881348319927227,0.8405996725583066,0.04753515943441611,48.132553748052196,46.447500228881836,44.762446709711476
2019-11-20,48.45000076293945,15262900,73.1645627076053,0.9541647848817902,0.8633126950230033,0.0908520898587869,48.438787792665934,46.53250026702881,44.62621274139168
2019-11-21,48.81999969482422,8500200,73.50000071525608,1.024539565502124,0.8955580691188276,0.12898149638329648,48.784354569662945,46.62550029754639,44.46664602542983
2019-11-22,49.0,9256900,72.25132066427666,1.082359836024935,0.9329184225000491,0.14944141352488582,49.14180322988529,46.73550033569336,44.32919744150143
2019-11-25,49.2599983215332,7685300,70.7586200364843,1.1360666395936008,0.9735480659187595,0.16251857367484124,49.52624898376884,46.89900016784668,44.27175135192452
2019-11-26,49.220001220703125,10749600,73.81298304680995,1.1620073393080403,1.0112399205966156,0.15076741871142474,49.85079426409698,47.04100017547607,44.23120608685516
2019-11-27,49.75,5679600,75.43862629569855,1.211368105360883,1.0512655575494692,0.16010254781141375,50.23761073295862,47.23050022125244,44.22338970954626
2019-11-29,49.70000076293945,2678500,73.39975147460211,1.2322477623563088,1.0874619985108371,0.1447857638454717,50.445667247226254,47.476000213623045,44.50633318001984
2019-12-02,50.599998474121094,9551500,76.41869175422924,1.3063584476480585,1.1312412883382814,0.17511715930977712,50.80613020435622,47.75300006866455,44.699869932972874
2019-12-03,50.099998474121094,9241600,69.77042690611063,1.309649059228228,1.1669228425162708,0.14272621671195718,51.02631635526855,47.97800006866455,44.92968378206055
2019-12-04,50.11000061035156,8266100,71.35417908431283,1.2981002893196418,1.193158331876945,0.10494195744269685,51.24731247490709,48.17100009918213,45.09468772345717
2019-12-05,50.16999816894531,7279200,73.47481461506666,1.279045072107344,1.210335679923025,0.06870939218431915,51.39027613684772,48.38400001525879,45.37772389366987
2019-12-06,50.40999984741211,5144100,68.94411519927971,1.2686851916949848,1.222005582277417,0.04667960941756788,51.517300648213464,48.605500030517575,45.69369941282169
2019-12-09,50.529998779296875,5337000,67.68983692915808,1.2556830897365572,1.2287410837692452,0.026942005967312,51.65136740533207,48.811499977111815,45.97163254889156
2019-12-10,50.04999923706055,6073500,79.65783700480465,1.1928959171435949,1.2215720504441152,-0.028676133300520323,51.64569748877165,48.99349994659424,46.34130240441683
2019-12-11,50.29999923706055,6415000,73.18299501315548,1.1500524523810896,1.20726813083151,-0.057215678450420526,51.69665587701402,49.15849990844727,46.62034393988052
2019-12-12,49.93000030517578,6433200,63.90981612922964,1.0738640400962183,1.1805873126844517,-0.10672327258823344,51.621081373731975,49.31349983215332,47.00591829057466
2019-12-13,50.15999984741211,6103700,64.3564711692172,1.0202820390816782,1.148526257963897,-0.12824421888221882,51.446676965405466,49.489999771118164,47.53332257683086
2019-12-16,50.599998474121094,10791400,65.87681752233908,1.0017742986615161,1.119175866103421,-0.11740156744190489,51.50000066287484,49.621499633789064,47.74299860470329
2019-12-17,50.83000183105469,9646600,68.25399159554831,0.9942055470488427,1.0941818022925054,-0.09997625524366271,51.596738988203185,49.7459997177124,47.89526044722162
2019-12-18,51.36000061035156,8097800,68.25399159554831,1.0192247406062052,1.0791903899552453,-0.05996564934904014,51.41582154438186,49.96749973297119,48.51917792156052
2019-12-19,50.790000915527344,9876200,61.0547761513933,0.9817415149958606,1.0597006149633683,-0.07795909996750772,51.387427323936976,50.084499740600585,48.78157215726419
2019-12-20,51.130001068115234,21655800,56.064104388299604,0.968308897245528,1.0414222714198003,-0.07311337417427222,51.43893005309173,50.19999980926514,48.96106956543854
2019-12-23,51.54999923706055,8046000,66.89978721266374,0.9802540347388131,1.0291886240836028,-0.04893458934478967,51.57129513552195,50.32749977111816,49.083704406714375
2019-12-24,50.279998779296875,3684500,51.531516298737095,0.877131196716924,0.9987771386102671,-0.1216459418933431,51.51720217350395,50.378499794006345,49.23979741450874
2019-12-26,50.400001525878906,7351000,52.049940569606996,0.7959140219631138,0.9582045152808365,-0.16229049331772272,51.43726589898345,50.437499809265134,49.43773371954682
2019-12-27,50.400001525878906,7700500,49.90690574001945,0.7232120870766394,0.9112060296399972,-0.18799394256335777,51.41650627573411,50.46999988555908,49.52349349538406
2019-12-30,49.88999938964844,6691000,44.44445180303984,0.617326217399885,0.8524300671919748,-0.23510384979208976,51.39683005061504,50.47949981689453,49.562169583174025
2019-12-31,49.90999984741211,5978800,48.67925180154373,0.5289276241995324,0.7877295785934864,-0.2588019543939539,51.39458211865105,50.444999885559085,49.49541765246712
2020-01-02,49.25,8717200,40.805615552198866,0.4009922414233671,0.7103821111594626,-0.3093898697360955,51.484017352516496,50.402499961853025,49.32098257118955
2020-01-03,49.630001068115234,7850700,47.37763135518335,0.32650173053472287,0.6336060350345146,-0.30710430449979176,51.50760377999151,50.37849998474121,49.24939618949091
2020-01-06,49.83000183105469,6532500,47.100196366186395,0.28037387852842954,0.5629596037332976,-0.282585725204868,51.51382097469917,50.36150016784668,49.209179360994185
2020-01-07,49.56999969482422,6423600,40.653385174354206,0.22029776847060134,0.4944272366807584,-0.27412946821015705,51.524410828765355,50.31950016021729,49.11458949166922
2020-01-08,50.08000183105469,5987200,43.52332562049682,0.21140300629017617,0.43782239060264194,-0.22641938431246578,51.50216648038065,50.297000312805174,49.0918341452297
2020-01-09,50.56999969482422,6449500,43.13043593639083,0.2411131731299676,0.3984805471081071,-0.1573673739781395,51.52816642530271,50.32300033569336,49.11783424608401
2020-01-10,50.220001220703125,6049700,44.846301679430596,0.23372253470555648,0.365528944627597,-0.1318064099220405,51.52501867466554,50.31900043487549,49.11298219508544
2020-01-13,50.7599983215332,7776400,46.77135663337519,0.26834533561070373,0.34609222282421837,-0.07774688721351464,51.56727883755399,50.36050033569336,49.153721833832726
2020-01-14,50.869998931884766,8455900,43.7269411650439,0.30118837263724885,0.3371114527868245,-0.035923080149575626,51.61959952025937,50.39600028991699,49.17240105957461
2020-01-15,51.25,6748300,60.70640009296732,0.3538012261955856,0.3404494074685767,0.013351818727008913,51.70815918256781,50.42850036621094,49.14884154985407
2020-01-16,51.09000015258789,7159100,57.549213313199765,0.3782266794611715,0.3480048618670957,0.030221817594075773,51.743421966776324,50.4415002822876,49.139578597798874
2020-01-17,51.02000045776367,11468200,56.68101835904004,0.3874691338062348,0.3558977162549236,0.03157141755131121,51.68411508125657,50.4245002746582,49.16488546805983
2020-01-21,51.09000015258789,10192400,64.28572077329349,0.3958787915405466,0.3638939313120483,0.031984860228498335,51.72433398219241,50.43950023651123,49.154666490830046
2020-01-22,51.029998779296875,7300100,63.2075293457167,0.39316968116625617,0.36974908128288986,0.02342059988336631,51.70875420227758,50.43450012207031,49.16024604186304
2020-01-23,50.560001373291016,5699000,66.172859507028,0.3490739220615353,0.36561404943861897,-0.016540127377083658,51.54894035570102,50.385000228881836,49.22106010206265
2020-01-24,50.25,10049500,57.7889322009368,0.2858184579755161,0.3496549311459984,-0.0638364731704823,51.54808729152017,50.383500289916995,49.21891328831382
2020-01-27,49.77000045776367,7419900,49.295758251972494,0.19471158151347367,0.31866626121949343,-0.12395467970601975,51.54835552491298,50.35200023651123,49.15564494810948
2020-01-28,50.16999816894531,9545300,56.81817393656497,0.1530212640205164,0.285537261779698,-0.1325159977591816,51.53933186302191,50.340500068664554,49.1416682743072
2020-01-29,50.11000061035156,6318000,50.37973241033506,0.1138279477604911,0.25119539897585663,-0.13736745121536553,51.53688907760738,50.35150012969971,49.16611118179204
2020-01-30,48.0,17717800,26.929951922418397,-0.0864953880013104,0.18365724158042324,-0.27015262958173364,51.83391838212713,50.2560001373291,48.678081892531075
2020-01-31,47.529998779296875,11794000,26.361995658347624,-0.27995114287931955,0.09093556468847469,-0.37088670756779424,52.12193840347127,50.170000076293945,48.21806174911662
2020-02-03,46.2599983215332,10197600,14.95326103232155,-0.5296392934129841,-0.033179406931817076,-0.496459886481167,52.61830672044266,50.00149993896484,47.38469315748702
2020-02-04,46.52000045776367,10126000,16.894987243698196,-0.6984872262011734,-0.16624097078568836,-0.5322462554154851,52.88196668793322,49.83599987030029,46.79003305266736
2020-02-05,46.279998779296875,13515300,11.353025001394172,-0.8419609572809961,-0.3013849680847499,-0.5405759891962462,53.10824470952413,49.67149982452393,46.234754939523725
2020-02-06,46.65999984741211,8763500,16.691734671517352,-0.9144606789636143,-0.4240001102605228,-0.49046056870309146,53.18319641222856,49.5004997253418,45.81780303845503
2020-02-07,46.220001220703125,7138300,15.811973475357433,-0.9959408564414431,-0.5383882594967069,-0.45755259694473627,53.205738550442575,49.28299980163574,45.3602610528289
2020-02-10,46.20000076293945,6272100,14.921100909397396,-1.050024327091073,-0.6407154730155802,-0.4093088540754928,53.20922180517684,49.08199977874756,44.95477775231828
2020-02-11,45.56999969482422,9814000,13.793113915750851,-1.1306878228959505,-0.7387099429916543,-0.3919778799042962,53.15312467302408,48.82249984741211,44.49187502180014
2020-02-12,45.400001525878906,10533000,14.36465019919143,-1.194561494648724,-0.8298802533230683,-0.3646812413256557,53.023681447336806,48.54899997711182,44.07431850688683
2020-02-13,45.650001525878906,6111300,17.966585803588785,-1.2110487133194354,-0.9061139453223417,-0.30493476799709374,52.732865960795294,48.26900005340576,43.80513414601623
2020-02-14,45.16999816894531,9026000,17.96657625803914,-1.2484557910268705,-0.9745823144632475,-0.27387347656362304,52.43435257969909,47.97299995422363,43.511647328748175
2020-02-18,45.220001220703125,12033800,13.762883661389395,-1.259547066685613,-1.0315752649077208,-0.22797180177789222,52.06370432969918,47.682999992370604,43.30229565504203
2020-02-19,45.13999938964844,5888600,13.722691555892155,-1.2602649122951277,-1.0773131943852023,-0.18295171790992537,51.59687018635657,47.38549995422363,43.1741297220907
2020-02-20,45.560001373291016,5242900,26.356671671593972,-1.212960901900388,-1.1044427358882396,-0.10851816601214836,51.02683868796088,47.11200008392334,43.1971614798858
2020-02-21,45.88999938964844,9367800,33.66538345215605,-1.1357518109483493,-1.1107045509002615,-0.02504726004808777,50.47125418505418,46.87849998474121,43.285745784428244
2020-02-24,43.79999923706055,18907800,28.938405825501448,-1.2290409762385437,-1.134371835967918,-0.09466914027062567,50.03049262571048,46.55599994659424,43.081507267478
2020-02-25,42.4900016784668,12475900,20.754755632624537,-1.3926258428780756,-1.1860226373499496,-0.20660320552812594,49.772505575022954,46.192000007629396,42.61149444023584
2020-02-26,42.119998931884766,14293000,20.37040559097038,-1.534436133073676,-1.255705336494695,-0.2787307965789809,49.296236257089795,45.789500045776364,42.28276383446293
2020-02-27,40.29999923706055,13884500,12.41137374083526,-1.7732397704713136,-1.3592122232900188,-0.41402754718129486,49.00014580873446,45.29899997711182,41.59785414548918
2020-02-28,40.369998931884766,23998100,13.844272796330714,-1.9345447555066073,-1.4742787297333366,-0.4602660257732707,48.99972291416482,44.91749992370605,40.835276933247286
2020-03-02,42.06999969482422,14560000,28.863881015903402,-1.9032646144820262,-1.5600759066830747,-0.3431887077989515,48.72136962429545,44.644499969482425,40.5676303146694
2020-03-03,41.900001525878906,18031600,30.290031558305017,-1.8706288637435193,-1.622186498095164,-0.24844236564835542,48.60466574443272,44.426500129699704,40.248334514966686
2020-03-04,43.93000030517578,12612900,43.41987261581545,-1.6618046109561249,-1.630110120667356,-0.031694490288768806,48.360947799864505,44.297000122070315,40.233052444276126
2020-03-05,43.15999984741211,11502300,39.34987020572922,-1.5406824595516397,-1.612224588444213,0.07154212889257328,48.12314987898641,44.14100017547607,40.158850471965735
2020-03-06,42.150001525878906,15485300,37.64322282574764,-1.5087982188920606,-1.5915393145337826,0.08274109564172205,47.806783751432945,43.915500259399415,40.024216767365886
2020-03-09,40.34000015258789,16480100,32.546490601191394,-1.6110109807017352,-1.5954336477673734,-0.01557733293436181,47.665200178677104,43.621500205993655,39.57780023331021
2020-03-10,42.150001525878906,20532700,40.48377454482233,-1.5283455309088723,-1.5820160243956733,0.053670493486801085,47.3222023986619,43.419000244140626,39.51579808961935
2020-03-11,40.47999954223633,16557300,35.0235786990532,-1.5793816412374113,-1.5814891477640212,0.002107506526609848,47.140261267713356,43.16450023651123,39.188739205309105
2020-03-12,36.41999816894531,19322800,27.114547841349903,-1.9252433000053557,-1.6502399782122883,-0.2750033217930674,47.561345365670284,42.715500068664554,37.86965477165882
2020-03-13,40.06999969482422,16308900,41.61797999384505,-1.883109226605221,-1.6968138278908749,-0.18629539871434608,47.213001261212085,42.436499977111815,37.659998693011545
2020-03-16,38.220001220703125,18032100,40.63185701734256,-1.9762164920865146,-1.752694360730003,-0.22352213135651167,47.03636110564209,42.089000129699706,37.141639153757325
2020-03-17,39.849998474121094,16972000,45.28066417926191,-1.8966145232640201,-1.7814783932368066,-0.11513613002721357,46.63344136421219,41.82049999237061,37.007558620529025
2020-03-18,38.31999969482422,18217800,45.833334002296844,-1.9346856523269125,-1.812119845054828,-0.12256580727208455,46.26851657241382,41.4795000076294,36.69048344284497
2020-03-19,37.099998474121094,15889800,43.43636997632621,-2.0397877949556147,-1.8576534350349854,-0.18213435992062932,45.82240262044368,41.0564998626709,36.29059710489811
2020-03-20,34.279998779296875,21595700,35.036493890035885,-2.3238445741526235,-1.9508916628585131,-0.37295291129411035,45.57933891977984,40.47599983215332,35.3726607445268
2020-03-23,31.3799991607666,24246000,31.71070535224173,-2.751252623444394,-2.1109638549756893,-0.6402887684687046,46.14090331958418,39.85499982833862,33.56909633709306
2020-03-24,32.380001068115234,21746000,29.17418348567817,-2.974990941551802,-2.283769272290912,-0.6912216692608899,46.33077601848977,39.349499797821046,32.36822357715232
2020-03-25,34.369998931884766,21540900,34.81865166860389,-2.9576351966166996,-2.4185424571560694,-0.5390927394606302,46.15297619519531,38.96199979782104,31.77102340044678
2020-03-26,36.63999938964844,14403400,40.880500484192495,-2.729249488750604,-2.4806838634749764,-0.24856562527562742,46.01276326946262,38.77899980545044,31.54523634143826
2020-03-27,36.63999938964844,14679500,43.48591449974412,-2.519212259069178,-2.4883895425938167,-0.03082271647536139,45.84585818709111,38.592499828338624,31.339141469586135
2020-03-30,37.310001373291016,18352900,41.122524260269245,-2.2724967526855337,-2.44521098461216,0.17271423192662638,45.43779610151181,38.354499912261964,31.27120372301212
2020-03-31,38.66999816894531,15865800,46.64192657096187,-1.9448139562622728,-2.345131578942183,0.4003176226799101,45.08050887587268,38.19299974441528,31.305490612957886
2020-04-01,37.61000061035156,18310500,52.48434818910137,-1.7504775083966848,-2.2262007648330835,0.4757232564363987,44.21417591013888,37.87699975967407,31.53982360920926
2020-04-02,36.220001220703125,14393600,41.124942203531155,-1.6891542882073196,-2.118791469507931,0.42963718130061146,43.391316953601496,37.529999828338624,31.668682703075753
2020-04-03,37.40999984741211,10338000,48.07417566769928,-1.526930743327668,-2.0004193242718786,0.47348858094421065,42.73616128931353,37.29299974441528,31.84983819951704
2020-04-06,37.279998779296875,14463800,43.420377989132504,-1.3928020598291297,-1.878895871383329,0.4860938115541993,42.39118126179791,37.13999967575073,31.88881808970355
2020-04-07,38.47999954223633,12021300,50.41666633552969,-1.176116539704573,-1.738340005047578,0.5622234653430049,41.702752361366166,36.9564995765686,32.21024679177104
2020-04-08,40.130001068115234,11727600,57.71778659690479,-0.8613215912211487,-1.5629363222822923,0.7016147310611436,41.63284295242192,36.93899965286255,32.24515635330318
2020-04-09,40.90999984741211,8933800,68.84594215017982,-0.5426496168105004,-1.3588789811879338,0.8162293643774334,42.17179301945967,37.16349973678589,32.155206454112104
2020-04-13,40.439998626708984,8449800,79.8812687896198,-0.3242867756410277,-1.1519605400785526,0.8276737644375249,42.23800425604145,37.18199968338013,32.125995110718804
2020-04-14,42.119998931884766,8526500,80.74494985983874,-0.015492083421399627,-0.924666848747122,0.9091747653257224,42.882422845626,37.37699956893921,31.87157629225242
2020-04-15,40.90999984741211,7415200,71.71315396992011,0.1300934844670607,-0.7137147821042855,0.8438082665713462,43.05477927119394,37.42999963760376,31.805220004013574
2020-04-16,40.400001525878906,7429400,64.13535124195687,0.2019900777107324,-0.5305738101412819,0.7325638878520143,43.303131450459496,37.53399972915649,31.764868007853487
2020-04-17,40.849998474121094,10455400,65.30909607438304,0.2919146286564498,-0.3660761223817356,0.6579907510381854,43.67213966770214,37.72149972915649,31.770859790610842
2020-04-20,39.06999969482422,13229600,55.92193675863962,0.2170474696112592,-0.24945140398313664,0.46649887359439585,43.710606029689515,37.96099977493286,32.2113935201762
2020-04-21,37.7599983215332,15089300,46.92775073660265,0.05141585403284665,-0.18927795237994,0.24069380641278665,43.12976327443521,38.27999973297119,33.43023619150717
2020-04-22,37.810001373291016,11190800,50.724640485494895,-0.0749495939756386,-0.16641228069907973,0.09146268672344113,42.54248035548684,38.55149974822998,34.56051914097312
2020-04-23,38.45000076293945,7182400,58.54406004830781,-0.12204565356616115,-0.157538955272496,0.03549330170633486,42.23024122979551,38.755499839782715,35.28075844976992
2020-04-24,39.41999816894531,8785500,57.833198099370655,-0.08017473164298394,-0.1420661105465936,0.061891378903609656,42.23265173895324,38.89449977874756,35.55634781854188
2020-04-27,39.75,6066300,59.47813297046376,-0.020131273737071353,-0.11767914318468917,0.09754786944761781,42.23205413921458,39.04999980926514,35.86794547931569
2020-04-28,40.709999084472656,7098500,58.717748427369074,0.10372186126095784,-0.07339894229555977,0.1771208035565176,42.3738105948977,39.21999969482422,36.06618879475074
2020-04-29,40.470001220703125,7350400,51.493850389364155,0.1804306489927825,-0.022633024037891317,0.2030636730306738,42.50024770960808,39.30999984741211,36.11975198521613
2020-04-30,39.25,13830900,42.9780015820349,0.14115190212837803,0.01012396119536255,0.13102794093301548,42.48096521791895,39.39199981689453,36.303034415870115
2020-05-01,37.90999984741211,11765500,40.03152161692728,0.0018747874027766898,0.008474126436845378,-0.006599339034068688,42.27931988737327,39.47649974822998,36.6736796090867
2020-05-04,38.0099983215332,9177300,31.50313588228063,-0.09928973802104935,-0.013078646454733568,-0.08621109156631578,42.227848337765835,39.506499671936034,36.78515100610623
2020-05-05,36.79999923706055,9590200,31.50313588228063,-0.27394233034214466,-0.0652513832322158,-0.20869094710992886,42.2935147415306,39.48249969482422,36.67148464811784
2020-05-06,35.72999954223633,15203600,29.99141284098981,-0.493012658040179,-0.15080363819380846,-0.34220901984637053,42.5969368472266,39.34499969482422,36.09306254242183
2020-05-07,35.099998474121094,17855900,25.738393500398843,-0.7092870722624696,-0.2625003250075407,-0.44678674725492884,42.83151097869742,39.09349956512451,35.3554881515516
2020-05-08,36.7400016784668,8451500,40.05124919088369,-0.7398233283889724,-0.3579649256838271,-0.38185840270514526,42.66138888445637,38.884999656677245,35.10861042889812
2020-05-11,36.41999816894531,8254900,43.750002224052864,-0.7808440559896326,-0.4425407517449882,-0.3383033042446444,42.539016582409374,38.683999633789064,34.828982685168754
2020-05-12,36.08000183105469,12086400,42.143506784861096,-0.8312065099131658,-0.5202739033786238,-0.310932606534542,42.04522023660024,38.381999778747556,34.718779320894875
2020-05-13,36.349998474121094,13141400,40.1315640874785,-0.8396536403503703,-0.5841498507729731,-0.25550378957739717,41.72109166770314,38.153999710083006,34.58690775246287
2020-05-14,36.25,9128800,33.7768717597513,-0.8446801462883187,-0.6362559098760422,-0.20842423641227648,41.44565002746019,37.94649963378906,34.44734924011793
2020-05-15,36.59000015258789,12566000,33.844573239299834,-0.8118697880983561,-0.671378685520505,-0.14049110257785113,40.99932467386153,37.733499717712405,34.46767476156328
2020-05-18,37.599998474121094,9826500,34.18106589612066,-0.6963419229770906,-0.6763713330118221,-0.01997058996526857,40.86477258643647,37.65999965667724,34.45522672691801
2020-05-19,37.119998931884766,10010800,33.36641678558399,-0.6361836796219862,-0.6683338023338549,0.03215012271186868,40.84133788790316,37.62799968719482,34.41466148648649
2020-05-20,37.77000045776367,10310900,42.21052559723125,-0.5299492227395106,-0.6406568864149861,0.11070766367547547,40.838910633815516,37.62599964141846,34.413088649021404
2020-05-21,37.540000915527344,10212100,47.79499924297088,-0.45902533285055824,-0.6043305757021006,0.14530524285154234,40.76996582812566,37.58049964904785,34.39103346997004
2020-05-22,37.72999954223633,6943400,48.34906296952739,-0.3830705391220306,-0.5600785683860866,0.177008029264056,40.56763873008216,37.4959997177124,34.42436070534264
2020-05-26,38.279998779296875,9596000,59.46291765956979,-0.275321738354144,-0.5031272023796981,0.22780546402555413,40.33317625129092,37.422499656677246,34.51182306206357
2020-05-27,39.04999923706055,9502000,72.07447591007455,-0.1263410546448327,-0.42776997283272505,0.30142891818789236,39.932831358206236,37.33949966430664,34.74616797040705
2020-05-28,38.810001373291016,12056800,76.01687456696726,-0.027323641388157682,-0.3476807065438116,0.32035706515565393,39.512255321316445,37.256499671936034,35.00074402255562
2020-05-29,39.04999923706055,18946000,70.15708862765149,0.06971061330325057,-0.26420244257439923,0.3339130558776498,39.46653550253591,37.246499633789064,35.026463765042216
2020-06-01,39.18000030517578,6573400,74.90983106493678,0.1553106346541071,-0.180299827128698,0.33561046178280507,39.67768579042051,37.30999965667725,34.942313522933986
2020-06-02,39.65999984741211,8952600,81.51412884702563,0.2588968184589149,-0.09246049801117542,0.3513573164700903,39.96868954481198,37.39249973297119,34.8163099211304
2020-06-03,40.209999084472656,8422500,82.38260188328546,0.38097827689248476,0.0022272569695566125,0.37875101992292814,40.411098705606975,37.5629997253418,34.71490074507662
2020-06-04,40.72999954223633,7842200,85.10975038819667,0.5137660283997363,0.10453501125559256,0.4092310171441437,40.85482813067315,37.8129997253418,34.771171320010446
2020-06-05,41.90999984741211,10776200,86.84213585195158,0.7060782110089008,0.2248436512062542,0.48123455980264657,41.43203118863501,38.15349979400635,34.87496839937769
2020-06-08,42.83000183105469,10509300,86.67605449936494,0.9220941452410258,0.3642937500132085,0.5578003952278173,42.27138171794853,38.457999801635744,34.64461788532296
2020-06-09,42.18000030517578,11903200,84.65754727481657,1.02897722959505,0.4972304459295768,0.531746783665473,42.77523239775973,38.74599990844727,34.716767419134804
2020-06-10,41.81999969482422,9795600,78.88730532659204,1.072273304207961,0.6122390175852537,0.4600342866227074,43.08033664703499,39.03299980163574,34.98566295623649
2020-06-11,39.290000915527344,13488100,59.39849870521519,0.892151826947007,0.6682215794576044,0.2239302474894026,43.025566517971555,39.179999923706056,35.33443332944056
2020-06-12,39.130001068115234,12543100,57.543112661836915,0.7281005184510292,0.6801973672562894,0.04790315119473976,42.9148566868516,39.32399997711182,35.733143267372036
2020-06-15,40.310001373291016,11940200,60.242192862012274,0.6854039276667621,0.681238679338384,0.004165248328378057,42.88337004861088,39.51000003814697,36.13663002768306
2020-06-16,41.09000015258789,9531900,60.28226457699153,0.7063634366239526,0.6862636307954977,0.020099805828454942,43.00247377863516,39.68450012207031,36.366526465505466
2020-06-17,40.86000061035156,7960400,60.343084100025905,0.6963874367211389,0.688288391980626,0.008099044740512928,42.996889042353885,39.871500205993655,36.746111369633425
2020-06-18,41.470001220703125,7192800,61.77043469354964,0.7292964605664025,0.6964900056977813,0.032806454868621215,43.094943996338756,40.05650024414062,37.01805649194249
2020-06-19,40.689998626708984,20025400,56.907583496641635,0.6845463838807717,0.6941012813343794,-0.009554897453607714,43.020949930249195,40.214000129699706,37.407050329150216
2020-06-22,40.04999923706055,6756100,51.7583374667805,0.5906306017319807,0.6734071454138997,-0.082776543681919,42.885185206650604,40.33000011444092,37.77481502223124
2020-06-23,40.34000015258789,6061900,50.60018929060405,0.5334530038314611,0.645416317097412,-0.11196331326595088,42.799344279059206,40.43300018310547,38.066656087151735
2020-06-24,39.43000030517578,7186600,44.20677961837405,0.40998392358785907,0.5983298383955014,-0.1883459148076423,42.777335431587595,40.45200023651123,38.12666504143487
2020-06-25,39.65999984741211,5981200,39.04576891933051,0.3269242495743896,0.544048720631279,-0.21712447105688937,42.722508588064656,40.494500160217285,38.266491732369914
2020-06-26,38.189998626708984,9693100,28.558217655555524,0.14085831928468906,0.463410640361961,-0.32255232107727194,42.82531636577486,40.45150012969971,38.07768389362456
2020-06-29,39.22999954223633,5919700,36.8421052631579,0.0764379817575005,0.38601610864106894,-0.30957812688356845,42.82227699649661,40.454000091552736,38.08572318660886
2020-06-30,39.25,6825000,38.17847725184645,0.026690597342621913,0.31415100638137955,-0.28746040903875764,42.837543555171266,40.433500099182126,38.02945664319299
2020-07-01,39.2400016784668,6326100,49.70060345296251,-0.013387026892125675,0.24864339972667848,-0.26203042661880416,42.84648071984621,40.385000228881836,37.92351973791746
2020-07-02,39.400001525878906,4389500,51.616768764993246,-0.03187079563698347,0.1925405606539461,-0.22441135629092956,42.81238601605617,40.31850032806396,37.82461464007175
2020-07-06,39.599998474121094,4883100,45.18315466710421,-0.030035008376323447,0.1480254468478922,-0.17806045522421565,42.59856772516763,40.20300025939942,37.80743279363121
2020-07-07,39.939998626708984,8659900,41.70273105890046,-0.0011319149214870095,0.11819397449401636,-0.11932588941550337,42.11094194243731,40.058500099182126,38.006058255926945
2020-07-08,39.869998931884766,7530500,42.68831896952469,0.015941836943724752,0.09774354698395804,-0.08180171004023329,41.736404465401996,39.94300003051758,38.149595595633166
2020-07-09,38.599998474121094,6257000,30.686388770517468,-0.07217354311958957,0.06376012896324854,-0.1359336720828381,41.4388535199246,39.78199996948242,38.12514641904024
2020-07-10,40.27000045776367,8406400,47.47597244981518,-0.0071677875724205364,0.04957454565611472,-0.05674233322853526,41.48455044673765,39.83099994659424,38.17744944645083
2020-07-13,40.209999084472656,6931300,51.033590521415775,0.03905789753759592,0.047471216032410966,-0.008413318494815046,41.512494538266594,39.88499984741211,38.25750515655763
2020-07-14,41.060001373291016,7783300,54.337355156457676,0.14263594854049444,0.06650416253402766,0.07613178600646678,41.62410202681003,39.92249984741211,38.220897668014196
2020-07-15,41.0,6499600,60.53690422913976,0.21737492796922453,0.09667831562106705,0.12069661234815748,41.607031453041685,39.917999839782716,38.22896822652375
2020-07-16,41.47999954223633,5670900,61.81817281063755,0.3117444630508288,0.13969154510701942,0.1720529179438094,41.73102640855564,39.94899978637695,38.16697316419826
2020-07-17,41.540000915527344,6242700,76.62956891527436,0.38691449936816014,0.18913613595924758,0.19777836340891256,41.747333522229,39.95249977111816,38.157666020007326
2020-07-20,40.869998931884766,5915800,63.851332629677024,0.387951668735127,0.22889924251442348,0.1590524262207035,41.773626426811376,39.961499786376955,38.14937314594253
2020-07-21,41.220001220703125,6212400,65.75999052735531,0.4122635746835286,0.2655721089482445,0.14669146573528408,41.917677831723836,40.01999988555908,38.122321939394325
2020-07-22,41.34000015258789,5437900,66.50940057748204,0.4361857682158572,0.29969484080176706,0.13649092741409014,42.053914838851796,40.069999885559085,38.086084932266374
2020-07-23,41.58000183105469,4803000,66.92544174006788,0.46910288259078214,0.3335764491595701,0.13552643343121207,42.24657013992371,40.17749996185303,38.10842978378235
2020-07-24,41.849998474121094,6186800,67.28108006750422,0.5110849365184151,0.3690781466313391,0.14200678988707605,42.4694482703101,40.28699989318848,38.104551516066856
2020-07-27,42.130001068115234,6052100,66.97673098214369,0.5604889186148938,0.4073603010280501,0.1531286175868437,42.578991155627044,40.484000015258786,38.38900887489053
2020-07-28,42.52000045776367,10794200,69.57161644835969,0.623919466512973,0.4506721341250347,0.17324733238793832,42.84319547142723,40.64850006103516,38.453804650643086
2020-07-29,41.630001068115234,7890100,73.70890028851957,0.5955084690650096,0.4796394011130297,0.11586906795197993,42.900133242899834,40.76750011444092,38.63486698598201
2020-07-30,41.58000183105469,6256700,63.73164729864711,0.5624741761529108,0.496206356121006,0.06626782003190484,42.918770549662796,40.884500122070314,38.85022969447783
2020-07-31,41.150001525878906,7572500,59.14398013391499,0.49588062686413537,0.49614121026963187,-0.00026058340549650616,42.884306347992094,40.97200012207031,39.05969389614853
2020-08-03,41.0099983215332,6063800,49.43563248084045,0.4268867856004732,0.4822903253358002,-0.05540353973532697,42.84249994460304,41.04250011444092,39.2425002842788
2020-08-04,41.599998474121094,8747300,56.04836352785187,0.4150325143256808,0.4688387631337763,-0.053806248808095536,42.86346697777529,41.12550010681152,39.387533235847755
2020-08-05,41.65999984741211,6425900,51.98237848447573,0.4058016989247619,0.4562313502919735,-0.05042965136721156,42.86275547552527,41.21500015258789,39.56724482965051
2020-08-06,41.54999923706055,4085500,50.10891399326653,0.3851700803469953,0.44201909630297787,-0.056849015955982574,42.461358833377034,41.36250019073486,40.26364154809269
2020-08-07,42.16999816894531,5620600,64.3171572972814,0.4140749084452864,0.4364302587314396,-0.02235535028615321,42.48487042990918,41.45750007629395,40.430129722678714
2020-08-10,43.220001220703125,6734900,69.08394945968219,0.5157632661161387,0.45229686020837945,0.0634664059077592,42.74222587985163,41.60800018310547,40.473774486359304
2020-08-11,43.599998474121094,8538700,70.54542503674244,0.6198691589671981,0.4858113199601432,0.13405783900705487,43.145927161875434,41.73500003814697,40.32407291441851
2020-08-12,42.959999084472656,7866000,61.694888953544755,0.6433154865683903,0.5173121532817927,0.12600333328659763,43.30012863754691,41.8329999923706,40.36587134719429
2020-08-13,42.56999969482422,5347100,55.98007233978917,0.623242823417101,0.5384982873088544,0.08474453610824662,43.380174739420845,41.8875,40.39482526057916
2020-08-14,42.540000915527344,4881300,53.55285801459899,0.5980208305949191,0.5504027959660673,0.047618034628851724,43.44805038767877,41.9375,40.42694961232123
2020-08-17,43.029998779296875,6948700,54.34410915105099,0.6105331064839987,0.5624288580696536,0.04810424841434513,43.54350475910106,42.04549999237061,40.547495225640155
2020-08-18,43.220001220703125,5865100,65.37717159121513,0.6285354193128754,0.575650170318298,0.05288524899457736,43.67809955546442,42.1454999923706,40.612900429276785
2020-08-19,43.650001525878906,6439400,68.64863564506152,0.6697790173060696,0.5944759397158523,0.07530307759021726,43.88353746983171,42.261000061035155,40.6384626522386
2020-08-20,43.5,6160500,72.29598262757872,0.6824936345547741,0.6120794786836368,0.07041415587113731,44.03609897067416,42.35699996948242,40.677900968290686
2020-08-21,43.459999084472656,4334400,73.69438900305101,0.6814865678038018,0.6259608965076697,0.05552567129613206,44.167846807232145,42.4375,40.707153192767855
2020-08-24,44.040000915527344,7911300,73.64341772975402,0.7191992790340009,0.6446085730129361,0.07459070602106488,44.39751765080792,42.532999992370605,40.66848233393329
2020-08-25,43.52000045776367,6117900,66.54804004751401,0.6990687538339628,0.6555006091771415,0.04356814465682135,44.498973011587964,42.5829999923706,40.66702697315324
2020-08-26,43.20000076293945,11083300,64.15095203821238,0.6498033381632311,0.6543611549743594,-0.0045578168111283235,44.54138031755986,42.661499977111816,40.78161963666377
2020-08-27,43.75,6558300,63.71528858571476,0.647674494788852,0.6530238229372579,-0.005349328148405941,44.63750666174094,42.76999988555908,40.90249310937722
2020-08-28,43.93000030517578,5476500,57.259705246340545,0.6529846903381724,0.6530159964174409,-3.1306079268489384e-05,44.68016055206082,42.908999824523924,41.13783909698703
2020-08-31,43.7400016784668,7826300,51.48939554914182,0.6345470933776554,0.6493222158094838,-0.014775122431828436,44.609066124788036,43.04549999237061,41.48193385995318
2020-09-01,43.119998931884766,7105300,51.709398574380415,0.5634114681869136,0.6321400662849698,-0.0687285980980562,44.529227999804654,43.12150001525879,41.713772030712924
2020-09-02,43.7599983215332,8021200,62.06894150363943,0.5523118673605794,0.6161744265000917,-0.06386255913951233,44.48006441799692,43.22649993896484,41.97293545993276
2020-09-03,43.290000915527344,10906100,56.983236651763065,0.4998287760077389,0.5929052964016212,-0.09307652039388226,44.28750542848936,43.313500022888185,42.33949461728701
2020-09-04,43.4900016784668,9461000,54.52758255844252,0.4689679672790703,0.5681178305771111,-0.09914986329804076,44.192900714632316,43.379500198364255,42.566099682096194
2020-09-08,43.06999969482422,8765400,48.58755763348195,0.40594047493864593,0.5356823594494181,-0.12974188451077218,44.194310412370925,43.37200012207031,42.5496898317697
2020-09-09,43.790000915527344,16628800,51.249993188048016,0.40936985353214084,0.5104198582659627,-0.10105000473382186,44.21914844095101,43.381500244140625,42.54385204733024
2020-09-10,43.349998474121094,7569900,48.726643912359215,0.37229159524071065,0.48279420566091236,-0.11050261042020171,44.21516210627998,43.40100021362305,42.586838320966116
2020-09-11,43.59000015258789,9282300,51.06733088666855,0.35814447155399165,0.45786425883952825,-0.0997197872855366,44.168970779604614,43.45200023651123,42.73502969341785
2020-09-14,43.0,10177700,41.475410861245216,0.295913585022582,0.42547412407613905,-0.12956053905355702,44.09122017928086,43.47500019073486,42.85878020218886
2020-09-15,42.779998779296875,8482700,43.620682737923374,0.22623500292596077,0.3856262998461034,-0.15939129692014264,44.12512325713026,43.462500190734865,42.79987712433947
2020-09-16,41.7599983215332,9752100,38.92307114460737,0.08769778667052464,0.3260405972109877,-0.23834281054046308,44.39670626513101,43.389500045776366,42.38229382642172
2020-09-17,40.86000061035156,9770500,28.90513274020877,-0.09363686156313378,0.24210510545616346,-0.33574196701929726,44.75507960039223,43.25,41.74492039960777
2020-09-18,39.84000015258789,22715200,23.40704274888151,-0.31600863830212234,0.1304823567045063,-0.44649099500662864,45.20220988918572,43.067000007629396,40.931790126073075
2020-09-21,38.81999969482422,10251700,21.126776328661833,-0.567997860146555,-0.009213686665705947,-0.558784173480849,45.680565731519856,42.83500003814697,39.98943434477409
2020-09-22,38.54999923706055,8560100,22.031845462381142,-0.7804909011266616,-0.1634691295578971,-0.6170217715687645,45.92796373129688,42.56049995422363,39.19303617715038
2020-09-23,37.93000030517578,8258900,14.233164441428059,-0.9875381739408908,-0.32828293843449585,-0.659255235506395,46.19649115259482,42.280999946594235,38.365508740593654
2020-09-24,38.33000183105469,7301400,19.306972295321444,-1.1065917483099454,-0.4839447004095858,-0.6226470479003596,46.30247530575936,42.0375,37.772524694240644
2020-09-25,38.27000045776367,7854900,17.128497482014723,-1.1920430429264712,-0.625564368912963,-0.5664786740135083,46.26291390297733,41.76350002288818,37.26408614279903
2020-09-28,38.95000076293945,8003800,24.87808100454832,-1.1911624882339282,-0.738683992777156,-0.4524784954567722,46.06004685084681,41.514500045776366,36.96895324070592
2020-09-29,38.36000061035156,7030200,16.356905966615997,-1.2239636329036543,-0.8357399208024556,-0.38822371210119866,45.87254334622216,41.245499992370604,36.61845663851905
2020-09-30,38.63999938964844,7706900,20.227579621520476,-1.2133781469556482,-0.9112675660330942,-0.30211058092255394,45.69993060600698,41.02150001525879,36.343069424510595
2020-10-01,38.91999816894531,7656100,20.62892116053156,-1.1689209189105227,-0.96279823660858,-0.20612268230194275,45.36120947317933,40.779500007629395,36.19779054207946
2020-10-02,38.970001220703125,5268300,22.807039219804707,-1.116779873790101,-0.9935945640448842,-0.12318530974521669,45.05327422680023,40.563500022888185,36.07372581897614
2020-10-05,39.5,5154800,28.75648794911629,-1.0209226865434005,-0.9990601885445876,-0.021862497998812902,44.65650156754349,40.363999938964845,36.0714983103862
2020-10-06,39.599998474121094,6555800,34.11764639884122,-0.926209368838542,-0.9844900246033785,0.05828065576483654,44.29904493311726,40.19049987792969,36.08195482274212
2020-10-07,40.529998779296875,7425000,47.58417465165065,-0.7672606269892199,-0.9410441450805469,0.17378351809132697,43.777816187884206,40.027499771118165,36.277183354352125
2020-10-08,40.380001068115234,5715600,54.53020971877484,-0.6459500554694699,-0.8820253271583316,0.23607527168886167,43.29575006885472,39.878999900817874,36.462249732781025
2020-10-09,40.689998626708984,11445000,67.80952657756012,-0.5188157562374656,-0.8093834129741585,0.29056765673669294,42.70466548618297,39.73399982452393,36.763334162864886
2020-10-12,40.45000076293945,7167200,68.19927067575765,-0.43244181000326165,-0.7339950923799792,0.3015532823767175,42.17918366064138,39.6064998626709,37.033816064700424
2020-10-13,39.380001068115234,8704000,62.78661557972355,-0.4451979040222369,-0.6762356547084307,0.2310377506861938,41.53115690161095,39.436499977111815,37.34184305261268
2020-10-14,39.54999923706055,5087700,61.21323000909498,-0.4365574068959148,-0.6283000051459275,0.19174259825001272,41.115505922158505,39.32600002288818,37.53649412361786
2020-10-15,39.70000076293945,4206800,62.929499039081044,-0.4128468397679015,-0.5852093720703223,0.17236253230242082,40.91791312205061,39.26800003051758,37.61808693898455
2020-10-16,39.529998779296875,5968700,55.77688092580251,-0.40312678912036404,-0.5487928554803307,0.1456660663599667,40.88552536906175,39.252499961853026,37.6194745546443
2020-10-19,39.18000030517578,5184300,58.57741854648592,-0.4188374335387053,-0.5228017710920057,0.10396433755330037,40.89134360670198,39.2704999923706,37.649656378039225
2020-10-20,38.70000076293945,7308100,50.60242440491009,-0.4646638285914335,-0.5111741825918913,0.046510354000457776,40.88614444648215,39.278000068664554,37.66985569084696
2020-10-21,38.5099983215332,5799800,45.8077687277232,-0.5104292749860448,-0.511025201070722,0.0005959260846771786,40.83153703818898,39.30699996948242,37.782462900775855
2020-10-22,38.9900016784668,4621600,50.18797437267184,-0.5021776700414051,-0.5092556948648587,0.007078024823453544,40.802815963875574,39.339999961853025,37.877183959830475
2020-10-23,39.08000183105469,4504100,45.69673765030151,-0.48281041559011584,-0.5039666390099101,0.021156223419794284,40.761124648347675,39.38050003051758,37.99987541268749
2020-10-26,38.56999969482422,7152800,40.26466350626144,-0.5028184588322517,-0.5037370029743784,0.0009185441421266649,40.77708627760162,39.36149997711182,37.94591367662202
2020-10-27,37.16999816894531,9627500,20.833338852279866,-0.6244451847036672,-0.5278786393202362,-0.09656654538343101,40.972003046351865,39.3019998550415,37.63199666373114
2020-10-28,36.720001220703125,12641100,19.801988300338735,-0.7485177870586668,-0.5720064688679223,-0.1765113181907445,41.2212825211804,39.20599994659424,37.19071737200808
2020-10-29,36.869998931884766,12650800,17.627129602689678,-0.8252299197831903,-0.6226511590509759,-0.20257876073221437,41.372580818522266,39.10349998474121,36.83441915096016
2020-10-30,36.08000183105469,12782500,16.124043294738854,-0.9389474002485727,-0.6859104072904952,-0.25303699295807747,41.601270631119476,38.95900001525879,36.3167293993981
2020-11-02,36.47999954223633,9370800,24.913476311912945,-0.9854333877525647,-0.7458150033829092,-0.23961838436965555,41.65716658367804,38.807999992370604,35.95883340106317
2020-11-03,37.38999938964844,10594100,33.43558515521195,-0.9380314426957241,-0.7842582912454722,-0.15377315145025194,41.588450458279816,38.69750003814697,35.806549618014124
2020-11-04,38.08000183105469,12802800,38.52692197756894,-0.8351604198444775,-0.7944387169652734,-0.04072170287920418,41.34406620171526,38.57500019073486,35.805934179754466
2020-11-05,37.310001373291016,9608700,35.50915502461875,-0.8064705048983569,-0.79684507455189,-0.009625430346466901,41.10841391808333,38.42150020599365,35.734586493903976
2020-11-06,37.27000045776367,8016300,37.00680780523148,-0.7779930604681198,-0.793074671735136,0.015081611267016237,40.75891549731871,38.25050029754639,35.742085097774066
2020-11-09,38.16999816894531,16564700,46.58943009800875,-0.6750209653875743,-0.7694639304656238,0.0944429650780495,40.421299137358794,38.13650016784668,35.85170119833456
2020-11-10,39.59000015258789,13246100,56.00001017252604,-0.4733757643884573,-0.7102462972501905,0.2368705328617332,40.457644498294904,38.14700012207031,35.836355745845715
2020-11-11,39.7599983215332,9146300,54.43036307686906,-0.29643592945175357,-0.6274842236905032,0.3310482942387496,40.49672034686006,38.15750007629394,35.818279805727826
2020-11-12,39.5,7815000,52.370194704713775,-0.1751702732623741,-0.5370214336048773,0.3618511603425032,40.460518897795225,38.14750003814697,35.83448117849872
2020-11-13,40.33000183105469,6552300,59.58607592832685,-0.011954353562487086,-0.4320080175963993,0.4200536640339122,40.625479432768735,38.187500190734866,35.749520948701
2020-11-16,41.47999954223633,7296000,74.1321766484703,0.2077953081036199,-0.30404735245639547,0.5118426605600154,41.12436119973727,38.30250015258789,35.480639105438506
2020-11-17,41.189998626708984,5204400,75.4846126643703,0.35446183257940334,-0.1723455154492357,0.526807348028639,41.52855857215024,38.42700004577637,35.325441519402496
2020-11-18,40.16999816894531,7850500,67.11618647230168,0.3839644937849229,-0.061083513602403994,0.4450480073873269,41.708249029750846,38.51000003814697,35.311751046543094
2020-11-19,40.060001373291016,8198100,72.20983059925264,0.3939287774830902,0.02991894461469484,0.36400983286839533,41.8306133956667,38.563500022888185,35.29638665010967
2020-11-20,39.939998626708984,6053400,69.93086960152236,0.3876734669496642,0.10146984908168873,0.2862036178679755,41.924477562204096,38.6064998626709,35.288522163137706
2020-11-23,40.20000076293945,6676000,67.49688957381342,0.3990955625336028,0.16099499177207155,0.23810057076153124,42.08142091163319,38.68799991607666,35.29457892052014
2020-11-24,41.0,10679800,67.9361080337343,0.4673140031978349,0.2222587940572242,0.24505520914061069,42.34376185304526,38.879500007629396,35.415238162213534
2020-11-25,40.380001068115234,6483400,69.21151761970467,0.4659773794858566,0.2710025111429507,0.1949748683429059,42.43182170628944,39.0625,35.69317829371056
2020-11-27,40.369998931884766,4664500,69.47235446401102,0.45882199243973787,0.3085664074023082,0.1502555850374297,42.48884965127242,39.2375,35.98615034872758
2020-11-30,39.83000183105469,14473700,60.92107891706746,0.4049104875090208,0.32783522342365073,0.07707526408537008,42.32297362482448,39.425,36.52702637517552
2020-12-01,40.4900016784668,10720500,56.5789620448573,0.41070732489236406,0.3444096437173934,0.06629768117497065,42.20268289716001,39.62550010681152,37.048317316463034
2020-12-02,40.02000045776367,8990200,51.82074340655699,0.37307560637715653,0.35014283624934606,0.022932770127810476,42.11278630367785,39.75700016021729,37.401214016756725
2020-12-03,40.41999816894531,14800300,56.3186698022645,0.37124914169309875,0.3543640973380966,0.016885044355002155,42.108404336722224,39.873999977111815,37.639595617501406
2020-12-04,41.369998931884766,9814000,57.02700961149358,0.4413709280390137,0.37176546347828004,0.06960546456073363,42.0534090670996,40.07699985504151,38.10059064298341
2020-12-07,41.689998626708984,9947500,51.59816662273281,0.5168068225918532,0.4007737353009947,0.11603308729085848,41.907191698955934,40.29799976348877,38.6888078280216
2020-12-08,42.22999954223633,12791600,57.624640484343516,0.6130964788494921,0.4432382840106942,0.16985819483879794,42.000485396971236,40.50099983215332,39.0015142673354
2020-12-09,42.97999954223633,16687900,71.45039466105392,0.7413792980957936,0.5028664868277142,0.23851281126807944,42.4723167155805,40.67049980163574,38.86868288769099
2020-12-10,42.95000076293945,9647500,72.33383960114901,0.8310439484662737,0.5685019791554261,0.2625419693108476,42.84465103977645,40.829999923706055,38.81534880763566
2020-12-11,43.0,8352800,73.90626927838419,0.8958119874853949,0.6339639808214199,0.261848006663975,43.13779603020954,41.00499992370605,38.87220381720256
2020-12-14,42.900001525878906,15216200,71.63464213031483,0.9283704077273498,0.6928452662026059,0.2355251415247439,43.40051998252023,41.13349990844726,38.866479834374296
2020-12-15,42.18000030517578,14433300,59.577930723566794,0.8858634269750425,0.7314488983570933,0.15441452861794924,43.47923717722762,41.16849994659424,38.85776271596086
2020-12-16,43.099998474121094,13036000,71.05262691701964,0.9158550945411008,0.7683301375938948,0.14752495694720602,43.731066191809866,41.263999938964844,38.79693368611982
2020-12-17,43.0,8628700,70.07636975471173,0.9209386584359933,0.7988518417623146,0.12208681667367871,43.932278146557636,41.40550003051758,38.878721914477524
2020-12-18,43.779998779296875,23929700,79.08689877727315,0.9766486050390313,0.834411194417658,0.1422374106213733,44.24570589619039,41.59149990081787,38.93729390544536
2020-12-21,42.939998626708984,10118600,67.57531707989855,0.9421575412875072,0.8559604637916278,0.08619707749587935,44.34125038755933,41.74149990081787,39.141749414076415
2020-12-22,42.54999923706055,9063300,68.35995504299152,0.8732867275924292,0.8594257165517882,0.01386101104064097,44.37652426694702,41.85899982452393,39.34147538210083
2020-12-23,42.869998931884766,7550100,67.98827469654643,0.8349031685569912,0.8545212069528288,-0.019618038395837645,44.474594053663516,41.95249977111816,39.43040548857281
2020-12-24,41.720001220703125,6055800,52.49645330635652,0.70357830439157,0.8243326264405771,-0.12075432204900716,44.434631085727275,42.01949977874756,39.60436847176784
2020-12-28,41.47999954223633,8657900,48.48485348904801,0.5735250341348035,0.7741711079794225,-0.20064607384461897,44.378986456518305,42.07499980926514,39.77101316201197
2020-12-29,40.72999954223633,8979600,39.49578619719122,0.40526648867284365,0.7003901841181067,-0.29512369544526307,44.269329761223396,42.119999694824216,39.970669628425036
2020-12-30,40.7400016784668,7038700,32.5,0.26961946262646563,0.6142360398197786,-0.34461657719331296,44.24449898359388,42.13249969482422,40.02050040605456
2020-12-31,41.0,7286700,35.29409733989331,0.18101132299589295,0.5275910964550015,-0.3465797734591085,44.12596292120955,42.18149967193604,40.23703642266253
2021-01-04,40.84000015258789,10657400,33.97624811175149,0.09676266368555986,0.4414254099011132,-0.3446627462155533,44.074586455964045,42.20249977111816,40.33041308627228
2021-01-05,40.7599983215332,6375800,34.07735096420484,0.023271258458734678,0.3577945796126375,-0.3345233211539028,44.119549531139896,42.17199974060058,40.22444995006127
2021-01-06,41.41999816894531,9048000,44.29427485769338,0.01807688312062794,0.2898510403142356,-0.27177415719360765,44.123779912767546,42.1584997177124,40.19321952265726
2021-01-07,41.779998779296875,6962900,39.18032766381628,0.04251920887385552,0.24038467402615957,-0.19786546515230405,44.10812518882286,42.13599967956543,40.163874170308
2021-01-08,41.59000015258789,8314300,38.610661064380885,0.04602804419804585,0.20151334806053683,-0.155485303862491,44.01116854485123,42.06649971008301,40.121830875314785
2021-01-11,41.349998474121094,9718300,28.495578328204303,0.029107162546438303,0.16703211095771714,-0.13792494841127884,43.90965761853817,41.98649959564209,40.063341572746005
2021-01-12,40.93000030517578,7324500,30.78395317914564,-0.017985771455961697,0.1300285344749814,-0.14801430593094309,43.79929057079877,41.88299961090088,39.966708651002996
2021-01-13,41.09000015258789,7515000,35.40000915527344,-0.041913458171912055,0.09564013594560271,-0.13755359411751478,43.677261844794515,41.79249954223633,39.90773723967814
2021-01-14,41.11000061035156,6963400,31.27661664003142,-0.0585870969092781,0.06479468937462655,-0.12338178628390466,43.63813872175575,41.73899955749512,39.83986039323449
2021-01-15,41.20000076293945,8070000,42.857142857142854,-0.06380333050664433,0.03907508539837238,-0.1028784159050167,43.44398022850865,41.64399967193604,39.84401911536342
2021-01-19,41.22999954223633,9653800,46.35568545543923,-0.06476995471444269,0.018306077375809367,-0.08307603209025205,43.245450234176936,41.55549964904785,39.86554906391877
2021-01-20,42.099998474121094,7002300,69.29576375091204,0.004612461965010084,0.015567354293649511,-0.010954892328639427,42.83049649251321,41.471499633789065,40.11250277506492
2021-01-21,41.939998626708984,7108200,66.21618835134834,0.046155820971982564,0.021685047629316122,0.02447077334266644,42.61672224760719,41.42149963378906,40.22627701997093
2021-01-22,41.83000183105469,5526300,61.69018170877167,0.06940337129878316,0.03122871236320953,0.038174658935573626,42.47642781708836,41.38549976348877,40.294571709889176
2021-01-25,41.959999084472656,8201200,65.90910815013899,0.09719649366453353,0.044422268623474336,0.0527742250410592,42.227099811622566,41.339999771118165,40.452899730613765
2021-01-26,42.22999954223633,5861200,69.81138283608486,0.13940257769105102,0.06341833043698968,0.07598424725406135,42.32496108932613,41.36549968719483,40.406038285063524
2021-01-27,41.81999969482422,8405400,55.780383146493556,0.13817484854287443,0.07836963405816663,0.0598052144847078,42.36233527719681,41.38249969482422,40.402664112451625
2021-01-28,42.650001525878906,9547200,61.0687578623678,0.20184928261583934,0.10306556376970119,0.09878371884613815,42.560102256440814,41.478499794006346,40.39689733157188
2021-01-29,41.08000183105469,11869400,45.19775025988105,0.12419424211590524,0.107291299438942,0.01690294267696324,42.53821837563439,41.495499801635745,40.4527812276371
2021-02-01,40.77000045776367,9606000,44.609677288980684,0.037208625141282425,0.0932747645794101,-0.056066139438127674,42.55443297558547,41.48399982452393,40.413566673462384
2021-02-02,41.56999969482422,10121600,55.55555555555556,0.03245107377122025,0.08111002641777214,-0.04865895264655189,42.54736978319587,41.520499801635744,40.49362982007562
2021-02-03,42.0,8059800,57.545610342582876,0.06265585332412371,0.07741919179904246,-0.014763338474918744,42.56480351921038,41.58249988555908,40.60019625190778
2021-02-04,42.529998779296875,7543500,60.856266259143034,0.1278856447317196,0.08751248238557789,0.0403731623461417,42.70354789116137,41.63799991607666,40.57245194099195
2021-02-05,42.470001220703125,6076400,59.75424173261336,0.17274809036572947,0.10455960398160821,0.06818848638412126,42.800271164565466,41.67250003814697,40.54472891172848
2021-02-08,42.970001220703125,7163800,62.46420984575598,0.2458141307870676,0.1328105093427001,0.11300362144436749,43.0083116365234,41.74150009155274,40.47468854658207
2021-02-09,43.36000061035156,7571800,59.69233550125768,0.33136936583799326,0.17252228064175873,0.15884708519623453,43.28474024959382,41.84200019836426,40.399260147134704
2021-02-10,43.54999923706055,6866300,62.32773960478982,0.4097801171870117,0.21997384795080932,0.18980626923620236,43.537704035163664,41.9730001449585,40.40829625475333
2021-02-11,43.310001373291016,6610400,61.11112065741172,0.44739805441402325,0.2654586892434521,0.18193936517057113,43.69911824183981,42.084000205993654,40.468882170147495
2021-02-12,43.400001525878906,7485000,60.87615939222954,0.4789517432807884,0.30815730005091935,0.17079444322986903,43.847222808821584,42.19850025177002,40.54977769471846
2021-02-16,43.40999984741211,6854100,59.27674219695616,0.49901274176559696,0.3463283883938549,0.15268435337174208,43.97212244896077,42.309000205993655,40.64587796302654
2021-02-17,43.599998474121094,5977700,64.4951235180751,0.5241998789852857,0.3819026865121411,0.14229719247314465,44.10458869656164,42.42750015258789,40.75041160861414
2021-02-18,43.630001068115234,6309100,59.17603852421014,0.5403529725787592,0.41359274372546473,0.12676022885329452,44.2560925131645,42.5040002822876,40.751908051410695
2021-02-19,43.79999923706055,7494700,84.51781245007722,0.5604117690983017,0.44295654880003216,0.11745522029826955,44.41909941698331,42.59700031280518,40.77490120862705
2021-02-22,44.41999816894531,7245100,92.94126517243825,0.6191994957628424,0.47820513819259425,0.14099435757024814,44.68231978029395,42.72650012969971,40.770680479105465
2021-02-23,44.290000915527344,11129500,87.98898635228329,0.6478317001901814,0.5121304505921117,0.13570124959806973,44.88237114232499,42.84300022125244,40.803629300179885
2021-02-24,45.0,7419500,88.86025109895323,0.7195197451531214,0.5536083095043137,0.16591143564880773,45.212791747255416,42.981500244140626,40.75020874102584
2021-02-25,44.630001068115234,9414600,78.37852048964409,0.7379703528209873,0.5904807181676485,0.14748963465333886,45.398762070032895,43.12200031280518,40.84523855557746
2021-02-26,43.599998474121094,12515900,62.09849617304221,0.6618505894749518,0.6047546924291092,0.057095897045842614,45.44443840800184,43.16950016021728,40.89456191243273
2021-03-01,44.540000915527344,8231800,65.36205334014157,0.6696560911311238,0.6177349721695121,0.05192111896161167,45.46984456817016,43.34250011444092,41.21515566071167
2021-03-02,44.720001220703125,7764500,63.87757453460635,0.6824991029141572,0.6306877983184411,0.051811304595716035,45.37510823950327,43.54000015258789,41.70489206567252
2021-03-03,45.04999923706055,9728200,64.88097220414107,0.7111081521639733,0.6467718690875476,0.0643362830764257,45.41785820517458,43.714000129699706,42.01014205422483
2021-03-04,44.2599983215332,12870200,58.497294907000494,0.6623988367801559,0.6498972626260693,0.012501574154086592,45.341478700674266,43.827000045776366,42.312521390878466
2021-03-05,45.119998931884766,11434000,63.52199899834157,0.6852916003475968,0.6569761301703748,0.028315470177222024,45.446752266349876,43.95650005340576,42.46624784046165
2021-03-08,46.900001525878906,16319900,71.46372213992758,0.83741244425498,0.6930633929872959,0.14434905126768405,46.014605769694114,44.17800006866455,42.34139436763499
2021-03-09,47.68000030517578,13064100,73.39450263704036,1.0092744047046125,0.7563055953307593,0.25296880937385324,46.74036202775619,44.413500022888186,42.08663801802018
2021-03-10,48.20000076293945,9428200,74.8099899517302,1.1739039041981059,0.8398252571042286,0.33407864709387725,47.47551529809125,44.65550003051758,41.835484762943906
2021-03-11,47.79999923706055,8705100,71.18643519865516,1.2576003543955707,0.923380276562497,0.3342200778330737,47.9642431623764,44.86800003051758,41.77175689865876
2021-03-12,48.650001525878906,9314100,71.87177259841874,1.3766493187079192,1.0140340849915814,0.36261523371633775,48.56819166934563,45.13500003814697,41.70180840694831
2021-03-15,49.84000015258789,12828100,75.86204812488023,1.5491616533486976,1.1210595986630048,0.42810205468569285,49.37834371908883,45.456999969482425,41.53565621987602
2021-03-16,49.439998626708984,10007200,71.30515609675558,1.634757672403424,1.2237992134110887,0.4109584589923354,49.936045759454835,45.75849990844726,41.58095405743969
2021-03-17,49.779998779296875,11698300,74.78340876439552,1.710312882725077,1.3211019472738863,0.3892109354511908,50.48040394164182,46.06749992370605,41.654595905770286
2021-03-18,50.56999969482422,10439900,84.33495041273859,1.8130378312786988,1.4194891240748488,0.39354870720384993,51.103189569004634,46.414499855041505,41.72581014107838
2021-03-19,50.54999923706055,37178900,82.55684535113579,1.8712634629304006,1.5098439918459592,0.3614194710844414,51.61673266033817,46.751999855041504,41.887267049744835
2021-03-22,51.63999938964844,10365200,84.12225531969322,1.9825084746824047,1.6043768884132485,0.3781315862691561,52.30934694721155,47.11299991607666,41.91665288494177
2021-03-23,50.5099983215332,12000100,74.95426900495073,1.9569310229041932,1.6748877153114377,0.28204330759275553,52.65337960561804,47.42399978637695,42.194619967135864
2021-03-24,49.5099983215332,9286000,73.54258156602944,1.8348184208226357,1.7068738564136774,0.1279445644089583,52.82747073014721,47.64949970245361,42.47152867476001
2021-03-25,50.189998626708984,7820600,73.1084576325528,1.772481581190739,1.71999540136909,0.05248617982164916,53.019188535328,47.9274995803833,42.8358106254386
2021-03-26,52.5,15411700,74.34780329974413,1.8877165704460523,1.7535396351844823,0.13417693526157004,53.42725564268133,48.37249965667725,43.31774367067317
2021-03-29,52.29999923706055,9027400,71.15382264118647,1.9405334775717549,1.790938403661937,0.14959507390981797,53.767683433572294,48.76049957275391,43.75331571193552
2021-03-30,51.2599983215332,8576100,63.37410343022345,1.8768368676416003,1.8081180964578696,0.06871877118373071,53.83091075819483,49.08749942779541,44.34408809739598
2021-03-31,51.15999984741211,8398200,65.0807831835649,1.7975665756850532,1.8060077923033064,-0.008441216618253256,53.817857762572224,49.392999458312985,44.96814115405375
2021-04-01,51.0,8271900,61.24400691244744,1.7022116118151587,1.785248556205677,-0.08303694439051834,53.48472656294463,49.72999954223633,45.97527252152803
2021-04-05,51.31999969482422,6937500,57.72441894589384,1.6336319250447744,1.7549252299734968,-0.12129330492872237,53.162730356817946,50.0399995803833,46.91726880394866
2021-04-06,51.380001068115234,7169300,60.49784246795904,1.566070947523734,1.7171543734835444,-0.1510834259598104,53.06444583940488,50.26399955749512,47.463553275585355
2021-04-07,51.130001068115234,6101600,57.37705738176843,1.4753485754200923,1.668793213870854,-0.19344463845076176,52.98000125413281,50.43649959564209,47.89299793715137
2021-04-08,51.47999954223633,6511200,55.22387798228423,1.4153768108765306,1.6181099332719895,-0.20273312239545893,52.952595968912185,50.60049953460693,48.24840310030168
2021-04-09,51.4900016784668,5654700,55.402310039137895,1.3530586266072007,1.5650996719390318,-0.2120410453318311,52.76097669781715,50.78499965667724,48.80902261553734
2021-04-12,51.75,5849400,50.69886005058471,1.309554973679667,1.513990732287159,-0.20443575860749208,52.68348756267647,50.9399995803833,49.19651159809013
2021-04-13,51.16999816894531,7096700,54.508193517623425,1.2142792593796088,1.4540484377056493,-0.2397691783260405,52.67309197136705,51.006499481201175,49.3399069910353
2021-04-14,51.349998474121094,6025200,64.15383902104361,1.140154102897796,1.3912695707440785,-0.2511154678462826,52.60111722601101,51.10199947357178,49.60288172113255
2021-04-15,51.61000061035156,9045200,61.67763704820506,1.0898265398503995,1.3309809645653428,-0.2411544247149433,52.571359511692656,51.19349956512451,49.81563961855637
2021-04-16,52.310001373291016,16476700,47.874738113220424,1.0938169539953293,1.28354816245134,-0.18973120845601077,52.71131167914714,51.280499649047854,49.84968761894857
2021-04-19,49.08000183105469,27946000,28.533361545124535,0.8268144152239856,1.1922014130058691,-0.36538699778188355,52.91917443396863,51.20699977874756,49.49482512352649
2021-04-20,47.189998626708984,43950300,25.628762156768857,0.45743251908524485,1.0452476342217443,-0.5878151151364994,53.450415135501515,50.98449974060058,48.51858434569965
2021-04-21,47.58000183105469,14682000,29.282444864668932,0.19392920913421108,0.8749839492042376,-0.6810547400700265,53.733358068198996,50.83799991607666,47.94264176395433
2021-04-22,46.5,18769900,26.464466701248966,-0.10088326477633558,0.679810506408123,-0.7806937711844586,54.13397401755635,50.6875,47.24102598244365
2021-04-23,47.38999938964844,9045100,30.602194220194747,-0.2597149296086414,0.49190541920477016,-0.7516203488134116,54.29352594224992,50.54750003814697,46.80147413404402
2021-04-26,47.220001220703125,7806200,29.687519208510636,-0.39475708585057845,0.3145729181937005,-0.7093300040442789,54.1908870514772,50.28350009918213,46.37611314688706
2021-04-27,47.15999984741211,5957100,30.248771137385887,-0.5008471231020764,0.1514889099345451,-0.6523360330366215,54.04986481585491,50.026500129699706,46.0031354435445
2021-04-28,47.18000030517578,8851400,27.880691181428247,-0.5766629605219364,0.005858535843248802,-0.5825214963651852,53.993557785315474,49.822500228881836,45.6514426724482
2021-04-29,46.599998474121094,11543200,26.23908002513471,-0.675759127809421,-0.13046499688728516,-0.5452941309221359,53.95207329247889,49.59450016021729,45.23692702795568
2021-04-30,47.75,11634900,32.110937247293705,-0.6539596029325239,-0.2351639180963329,-0.41879568483619095,53.811227036365594,49.432000160217285,45.05277328406898
2021-05-03,48.369998931884766,7771300,37.522299124286576,-0.579969067759734,-0.30412494802901313,-0.27584411973072087,53.59414444240316,49.28450012207031,44.97485580173746
2021-05-04,47.849998474121094,9725900,34.861608480498205,-0.5568714591381649,-0.3546742502508435,-0.20219720888732146,53.34481948331096,49.10799999237061,44.87118050143026
2021-05-05,48.349998474121094,6308100,36.18644412992976,-0.49254288874646335,-0.38224797794996745,-0.11029491079649589,53.1077816405828,48.9689998626709,44.830218084759
2021-05-06,49.4900016784668,8075800,38.48040575370421,-0.3455895607282855,-0.3749162945056311,0.02932673377734557,52.84663232176524,48.86949996948242,44.8923676171996
2021-05-07,49.95000076293945,6802100,54.59344122695324,-0.18982176069082612,-0.3378973877426701,0.14807562705184396,52.612540869142734,48.79249992370605,44.97245897826937
2021-05-10,50.68000030517578,8262300,70.99878398049228,-0.007384668851273091,-0.2717948439643907,0.2644101751131176,52.411772932344924,48.738999938964845,45.066226945584766
2021-05-11,50.43000030517578,7333700,67.44183874814519,0.11569151044012216,-0.1942975730834881,0.30998908352361026,52.28548091577218,48.702000045776366,45.11851917578055
2021-05-12,49.349998474121094,6783500,67.44183874814519,0.12464630244537744,-0.130508797977715,0.2551551004230924,51.980082598391576,48.602000045776364,45.22391749316115
2021-05-13,50.119998931884766,7385100,66.95650443239012,0.19166623238567126,-0.06607379190503776,0.257740024290709,51.684767141251136,48.527499961853025,45.37023278245491
2021-05-14,50.279998779296875,6545400,69.02981533848285,0.2547540145269238,-0.0019082306186454442,0.25666224514556923,51.17544899616411,48.42599983215332,45.67655066814254
2021-05-17,50.209999084472656,5211700,68.94407848128739,0.29569456317552323,0.057612328140188296,0.23808223503533493,51.33311646572615,48.48249969482422,45.63188292392229
2021-05-18,49.9900016784668,5281600,67.03030347867863,0.3068511023706648,0.1074600829862836,0.19939101938438122,51.48086074113803,48.62249984741211,45.764138953686185
2021-05-19,49.439998626708984,6314100,67.2749295186384,0.2682202146782515,0.13961210932467719,0.12860810535357434,51.55199496650147,48.71549968719482,45.879004407888175
2021-05-20,50.029998779296875,5165800,64.88249144432535,0.28196274829174683,0.16808223711809112,0.11388051117365572,51.583644609802086,48.89199962615967,46.20035464251725
2021-05-21,50.0,5828000,61.527583161168444,0.28712337487360884,0.19189046466919468,0.09523291020441416,51.660065534886385,49.02249965667725,46.38493377846811
2021-05-24,50.31999969482422,5551700,67.97671203211675,0.3134215807584937,0.21619668788705448,0.0972248928714392,51.73210683536874,49.1774995803833,46.622892325397856
2021-05-25,49.61000061035156,7174800,58.898317869804636,0.27381572870741877,0.22772049605112735,0.046095232656291424,51.67598532470642,49.29999961853027,46.92401391235413
2021-05-26,49.41999816894531,7160900,49.42900899409624,0.22450820566398022,0.22707803797369794,-0.002569832309717718,51.56823094167488,49.41199951171875,47.25576808176262
2021-05-27,49.20000076293945,8097500,43.63327608048559,0.16576880672447203,0.21481619172385275,-0.049047384999380716,51.25165822191619,49.541999626159665,47.83234103040314
2021-05-28,49.220001220703125,7507100,35.9073455747305,0.11945428502112065,0.19574381038330635,-0.0762895253621857,51.114152034452935,49.61549968719483,48.11684733993672
2021-06-01,49.36000061035156,5576100,39.44773412988029,0.09297471892895715,0.17518999209243652,-0.08221527316347937,51.05165094767317,49.66499977111816,48.278348594563155
2021-06-02,49.5099983215332,5552300,51.93236737232499,0.08313470856434435,0.1567789353868181,-0.07364422682247376,50.84587549439609,49.74799976348877,48.65012403258145
2021-06-03,49.779998779296875,4655300,45.32966255608083,0.09601639270354667,0.14462642685016383,-0.04861003414661716,50.69845778753387,49.819499778747556,48.94054176996124
2021-06-04,49.77000045776367,6496300,42.69342133020579,0.1042170894686052,0.1365445593738521,-0.0323274699052469,50.699179290085496,49.8334997177124,48.9678201453393
2021-06-07,50.4900016784668,6384900,53.38167745502292,0.16689047246632782,0.14261374199234725,0.024276730473980573,50.773850749359895,49.86049976348877,48.94714877761764
2021-06-08,49.880001068115234,7106400,48.785864900733635,0.16543064723745715,0.14717712304136923,0.018253524196087917,50.6488522355548,49.82049980163574,48.99214736771668
2021-06-09,49.900001525878906,6384300,55.750041723291126,0.16399713809356342,0.15054112605180808,0.013456012041755339,50.572673709702585,49.7939998626709,49.01532601563922
2021-06-10,50.13999938964844,6029600,51.506860195814475,0.18015023387306428,0.15646294761605933,0.023687286257004947,50.59734818871876,49.833499908447266,49.06965162817577
2021-06-11,49.7599983215332,14453600,46.999976158119345,0.16043932360707913,0.1572582228142633,0.003181100792815833,50.567801007227196,49.81549987792969,49.06319874863218
2021-06-14,48.08000183105469,14503800,29.104470176287634,0.009151120327963724,0.1276368023170034,-0.11848568198903967,50.75606284821394,49.70550003051758,48.65493721282121
2021-06-15,47.900001525878906,6940800,32.29812487264583,-0.12384280824181104,0.0773408802052405,-0.20118368844705153,50.88622883042509,49.59000015258789,48.29377147475069
2021-06-16,47.369998931884766,8258700,30.174066966087537,-0.26890842577900287,0.008091019008391834,-0.2769994447873947,51.07511460275043,49.45900001525879,47.84288542776714
2021-06-17,46.869998931884766,7811100,28.623824442633918,-0.4193853805357435,-0.07740426090043523,-0.34198111963530825,51.31880773967589,49.33050003051758,47.34219232135926
2021-06-18,46.310001373291016,24095400,25.709493001392786,-0.5771732798992417,-0.17735806470019655,-0.39981521519904517,51.51629452641031,49.144500160217284,46.772705794024255
2021-06-21,47.290000915527344,8149600,34.84625584073653,-0.616042203040962,-0.26509489236834965,-0.35094731067261237,51.482470947554376,49.00900020599365,46.535529464432926
2021-06-22,47.2400016784668,5024200,33.13522968686587,-0.6434631822133454,-0.3407685503373488,-0.3026946318759966,51.36800186175843,48.85500030517578,46.34199874859313
2021-06-23,47.02000045776367,4864700,29.34131907503823,-0.6751638965245732,-0.40764761957479373,-0.2675162769497795,51.339586989249256,48.72550029754639,46.111413605843524
2021-06-24,47.43000030517578,4425900,33.474570563567795,-0.6595999225130242,-0.45803808016243985,-0.20156184235058439,51.27996951585551,48.62600040435791,45.97203129286031
2021-06-25,47.619998931884766,9929500,28.09156677588551,-0.624732531940154,-0.4913769705179827,-0.1333555614221713,51.22299946607314,48.547000312805174,45.87100115953721
2021-06-28,47.18000030517578,4877200,28.840097651567106,-0.6253949222893027,-0.5181805608722467,-0.10721436141705598,51.16809034948032,48.44500026702881,45.7219101845773
2021-06-29,46.779998779296875,4945500,26.923037855822372,-0.6506958350570216,-0.5446836157092017,-0.1060122193478199,51.100335187832115,48.31600017547608,45.53166516312004
2021-06-30,47.68000030517578,7965700,33.42318267160486,-0.5913081568413077,-0.5540085239356228,-0.03729963290568483,50.96353185784854,48.224500274658205,45.48546869146787
2021-07-01,47.83000183105469,5888200,36.5786032050891,-0.5260748609401773,-0.5484217913365338,0.02234693039635649,50.77003797738293,48.127000427246095,45.48396287710926
2021-07-02,47.529998779296875,5514500,45.2667593748892,-0.4929028655916028,-0.5373180061875477,0.04441514059594487,50.552629036484774,48.015000343322754,45.477371650160734
2021-07-06,46.66999816894531,7767200,40.5238650550515,-0.5299003211660107,-0.5358344691832403,0.005934148017229579,50.14287852534653,47.82400016784668,45.50512181034682
2021-07-07,46.790000915527344,5300400,45.230283899796525,-0.5432753128868129,-0.5373226379239548,-0.005952674962858007,49.81702233974516,47.66950016021728,45.52197798068941
2021-07-08,46.43000030517578,6788700,46.29631175676899,-0.5762811207543805,-0.54511433449004,-0.03116678626434055,49.435369112399265,47.496000099182126,45.55663108596499
2021-07-09,47.400001525878906,10042400,58.58266496136949,-0.5181940509563034,-0.5397302777832926,0.02153622682698919,48.846391201075896,47.35900020599365,45.87160921091141
2021-07-12,47.4900016784668,7416200,51.831505286419635,-0.45959939377465986,-0.5237041009815662,0.06410470720690631,48.21918594560915,47.24550037384033,46.27181480207151
2021-07-13,46.84000015258789,6525600,46.69966435770957,-0.460306272477105,-0.5110245352806739,0.05071826280356895,48.08897598396141,47.18350028991699,46.27802459587257
2021-07-14,47.560001373291016,5734500,54.11585259480318,-0.39817844448160145,-0.48845531712085943,0.09027687263925799,48.02698468000038,47.1665002822876,46.30601588457482
2021-07-15,47.4900016784668,4831400,50.482325169775145,-0.35054917091576243,-0.46087408787984,0.11032491696407759,48.04059937878782,47.172500419616696,46.304401460445575
2021-07-16,47.310001373291016,10172000,47.504051186853395,-0.32359692484924096,-0.43341865527372025,0.10982173042447929,48.05256437425307,47.19450054168701,46.33643670912095
2021-07-19,46.790000915527344,9741800,46.89985384106884,-0.34027429650078744,-0.4147897835191337,0.07451548701834626,47.99541215222722,47.21850051879883,46.441588885370436
2021-07-20,47.209999084472656,6723000,53.40728551288531,-0.3159587161238733,-0.39502357004008165,0.07906485391620838,47.99068549229823,47.214500427246094,46.438315362193954
2021-07-21,47.33000183105469,5606100,46.83546486762413,-0.2837345099345754,-0.37276575801898043,0.08903124808440505,47.99684979403554,47.21900043487549,46.44115107571544
2021-07-22,46.9900016784668,5732500,42.65735758106047,-0.2823767023296355,-0.3546879468811115,0.07231124455147597,47.99707935179176,47.21750049591064,46.43792164002952
2021-07-23,47.4900016784668,4440400,49.662187196943094,-0.2382088849487829,-0.3313921344946458,0.09318324954586288,48.00397472790391,47.2205005645752,46.437026401246484
2021-07-26,47.61000061035156,4249600,59.07336874073943,-0.19131727408752397,-0.30337716241322144,0.11205988832569747,48.002413545782495,47.220000648498534,46.43758775121457
2021-07-27,47.790000915527344,5008300,59.5419747298411,-0.1380395799903269,-0.27030964592864254,0.13227006593831564,48.07288520470474,47.25050067901611,46.42811615332749
2021-07-28,47.619998931884766,5425000,61.78214860076339,-0.10828610803962135,-0.2379049383508383,0.12961883031121696,48.099363274810074,47.29250068664551,46.48563809848095
2021-07-29,48.599998474121094,8281800,61.85766519657734,-0.005564351910791743,-0.191436821062829,0.18587246915203726,48.323595199173965,47.338500595092775,46.353405991011584
2021-07-30,48.040000915527344,7104800,54.97286599519748,0.030306897953735756,-0.14708807725951606,0.17739497521325182,48.360281998406,47.34900054931641,46.33771910022681
2021-08-02,47.72999954223633,5852000,58.57417120412075,0.03333632151151278,-0.1110031975053103,0.14433951901682307,48.38170887659588,47.35900058746338,46.336292298330875
2021-08-03,47.790000915527344,5416500,52.53862484031753,0.04011633474367926,-0.08077929105551239,0.12089562579919165,48.40084738785458,47.41500072479248,46.42915406173037
2021-08-04,47.029998779296875,7383300,45.59384621230889,-0.015655806323501054,-0.06775459410911013,0.05209878778560907,48.386300427579926,47.42700061798096,46.46770080838199
2021-08-05,47.36000061035156,3720600,50.4655416756943,-0.03284858210312791,-0.06077339170791368,0.027924809604785772,48.311851262211924,47.473500633239745,46.635150004267565
2021-08-06,47.349998474121094,4621800,55.76128198728122,-0.04674225397047849,-0.057967164160426646,0.011224910189948159,48.310571372361686,47.47100048065185,46.63142958894202
2021-08-09,47.47999954223633,4044500,52.954045948208716,-0.04672447858703066,-0.055718627045747454,0.008994148458716794,48.31003552415741,47.47050037384033,46.63096522352325
2021-08-10,48.11000061035156,4770300,57.677139042452694,0.004078416148075803,-0.04375921840698281,0.047837634555058614,48.364811856915665,47.534000396728516,46.703188936541366
2021-08-11,48.16999816894531,4651900,62.29161252585845,0.04862090625686477,-0.025283193474213296,0.07390409973107806,48.4427627320094,47.56450023651123,46.68623774101306
2021-08-12,48.119998931884766,4058000,57.24133758006468,0.0789762410636925,-0.0044313065666321365,0.08340754763032464,48.50757164450934,47.59600009918213,46.684428553854914
2021-08-13,48.599998474121094,4956500,60.50951648173645,0.14014945841480397,0.024484846429655087,0.11566461198514888,48.664710624126705,47.66049995422363,46.65628928432056
2021-08-16,48.38999938964844,7685700,56.32909049352789,0.16972798426284186,0.05353347399629244,0.11619451026654942,48.70693518078813,47.740499877929686,46.77406457507124
2021-08-17,48.560001373291016,5921100,59.915626076403306,0.20452923273334989,0.08373262574370394,0.12079660698964595,48.80647387780008,47.807999992370604,46.80952610694113
2021-08-18,48.220001220703125,5359300,45.365894052058444,0.20234183138291684,0.10745446687154653,0.09488736451137031,48.8405518248322,47.85249996185303,46.86444809887386
2021-08-19,48.2400016784668,4747800,52.80899237598247,0.1999176436919825,0.1259471022356337,0.07397054145634879,48.82867387468864,47.91499996185303,47.001326049017415
2021-08-20,48.470001220703125,3892800,60.632186112995925,0.21408762942657233,0.14357520767382143,0.07051242175275091,48.886774130598205,47.96399993896485,47.04122574733149
2021-08-23,48.47999954223633,5043200,60.05827693779159,0.2235473119400666,0.15956962852707046,0.06397768341299614,48.94196039981936,48.007499885559085,47.07303937129881
2021-08-24,48.209999084472656,4557600,70.06801573626191,0.2068726983391116,0.16903024248947868,0.03784245584963292,48.961255569666456,48.02849979400635,47.095744018346245
2021-08-25,48.650001525878906,4299100,71.1475348325287,0.22655092861192117,0.18053437971396719,0.04601654889795398,49.03134296682859,48.079999923706055,47.12865688058352
2021-08-26,48.75,5103300,72.2930222613141,0.24736365478276667,0.19390023472772708,0.053463420055039595,49.058270840645456,48.0875,47.11672915935454
2021-08-27,49.529998779296875,5911500,77.0448655041393,0.32307308754107567,0.2197348052903968,0.10333828225067887,49.32673821957411,48.16199989318848,46.99726156680285
2021-08-30,49.70000076293945,5703900,73.87389038638439,0.39226926190107037,0.2542416966125315,0.13802756528853888,49.5925897357855,48.26049995422363,46.92841017266176
2021-08-31,50.22999954223633,7935100,77.10528666953773,0.4842915887435453,0.3002516750387343,0.184039913704811,49.957874845171254,48.382499885559085,46.807124925946916
2021-09-01,50.08000183105469,6847200,75.12825704423389,0.5389042315173995,0.34798218633446737,0.19092204518293215,50.14912893359065,48.535000038146975,46.9208711427033
2021-09-02,51.040000915527344,8742400,77.85392661493307,0.6521316793862653,0.40881208494482696,0.2433195944414383,50.588026991952,48.719000053405765,46.84997311485953
2021-09-03,50.970001220703125,4172300,80.42456522325887,0.7278269215267699,0.4726150522612156,0.2552118692655543,50.906862785230366,48.900000190734865,46.89313759623936
2021-09-07,50.790000915527344,7558700,76.23531228037422,0.7644789880726677,0.530987839423506,0.23349114864916165,51.124550037231195,49.065500259399414,47.00645048156763
2021-09-08,50.880001068115234,7131800,83.25002980235081,0.7916624827173777,0.5831227680822804,0.20853971463509735,51.36266931275623,49.204000282287595,47.04533125181896
2021-09-09,50.59000015258789,7100300,77.51756816878307,0.7808043216394793,0.6226590787937202,0.15814524284575915,51.510758672617655,49.32500038146973,47.1392420903218
2021-09-10,50.599998474121094,6129800,76.29629211006686,0.764196747337337,0.6509666125024436,0.11323013483489341,51.62829930264424,49.44900035858154,47.26970141451885
2021-09-13,50.08000183105469,11223000,67.54390881522535,0.7009951065159825,0.6609723113051514,0.040022795210831075,51.681324516920256,49.52300052642822,47.364676535936184
2021-09-14,48.369998931884766,8440700,51.33333290947782,0.5070791155510435,0.6301936721543299,-0.1231145566032864,51.68255222293435,49.52200050354004,47.361448784145736
2021-09-15,49.22999954223633,6012400,54.51712247981685,0.4179759905148046,0.5877501358264248,-0.16977414531162016,51.67360781373347,49.5555004119873,47.43739301024114
2021-09-16,48.790000915527344,6367000,50.29586500023701,0.30830298511629195,0.5318607056843982,-0.2235577205681063,51.640900798169625,49.58400039672851,47.5270999952874
2021-09-17,48.61000061035156,11339600,42.53247758554278,0.20450441825025223,0.46638944819756906,-0.2618850299473168,51.61467301356199,49.60250034332275,47.590327673083515
2021-09-20,48.13999938964844,8054100,37.925677124023224,0.08335724519940868,0.389783007597937,-0.3064257623985283,51.64220494549778,49.58600025177002,47.52979555804225
2021-09-21,48.029998779296875,7612200,31.788064412836334,-0.021283548702655253,0.30756969633781855,-0.3288532450404738,51.6796373226737,49.563500213623044,47.44736310457239
2021-09-22,48.2400016784668,5251000,34.918037195160466,-0.08627216110008362,0.22880132485023813,-0.31507348595032175,51.67713621981306,49.56500034332275,47.452864466832445
2021-09-23,48.810001373291016,4556700,30.472868564037782,-0.09073594545852615,0.16489387078848528,-0.2556298162470114,51.67171327084719,49.57300033569336,47.474287400539524
2021-09-24,48.459999084472656,4396900,29.04841540550386,-0.12111959504159131,0.10769117762246998,-0.2288107726640613,51.6849783829635,49.55850028991699,47.432022196870484
2021-09-27,48.7400016784668,5080500,33.16915749167376,-0.12120777915366432,0.061911386267243115,-0.18311916542090745,51.67682541196674,49.51900043487549,47.361175457784235
2021-09-28,48.27000045776367,6754900,29.83000741712921,-0.15738855890834458,0.01805139723212558,-0.17543995614047014,51.6737545679343,49.4475004196167,47.2212462712991
2021-09-29,48.7400016784668,4854500,36.09025618668472,-0.14644874699158095,-0.014848631612615725,-0.1316001153789652,51.58869719441034,49.37300052642822,47.157303858446106
2021-09-30,45.52000045776367,19641400,24.23939246571129,-0.39307493193349075,-0.09049389167679074,-0.3025810402567,51.92179560967895,49.14500045776367,46.36820530584839
2021-10-01,45.86000061035156,11793700,28.20250808060348,-0.5546985697079378,-0.1833348272830202,-0.37136374242491765,51.876648527666035,48.88600044250488,45.895352357343725
2021-10-04,46.5,8940900,39.14055566902652,-0.6239513423546228,-0.2714581302973407,-0.35249321205728207,51.66547361606387,48.66250038146973,45.65952714687558
2021-10-05,46.16999816894531,7461300,31.06437904809296,-0.6974235884456448,-0.35665122192700155,-0.34077236651864323,51.45609649086694,48.43150024414062,45.406903997414304
2021-10-06,46.45000076293945,5471900,35.22730392522824,-0.7247030775892824,-0.43026159305945777,-0.29444148452982466,51.12651601022573,48.21000022888184,45.29348444753795
2021-10-07,46.47999954223633,4893700,36.293457144638595,-0.7354241071728325,-0.4912940958821327,-0.24413001129069978,50.79122447519175,48.004500198364255,45.21777592153676
2021-10-08,46.72999954223633,4341600,40.66227059439943,-0.7154998527762189,-0.53613524726095,-0.1793646055152689,50.36676150257945,47.81100025177002,45.255239000960586
2021-10-11,46.709999084472656,4367900,41.152834069169636,-0.6933313155887717,-0.5675744609265143,-0.1257568546622574,50.00548611305893,47.64250011444092,45.27951411582291
2021-10-12,47.150001525878906,11311800,42.91288566693338,-0.6329616821178945,-0.5806519051647904,-0.052309776953104126,49.92834444490891,47.58150024414063,45.23465604337235
2021-10-13,47.91999816894531,7440700,44.35993674089926,-0.5170260640585838,-0.5679267369435491,0.05090067288496536,49.73897565026103,47.51600017547607,45.29302470069111
2021-10-14,48.66999816894531,5516400,51.266579421086924,-0.3604722201197035,-0.52643583357878,0.1659636134590765,49.71910122557586,47.51000003814697,45.30089885071808
2021-10-15,48.70000076293945,5944000,49.7512383519007,-0.23131475973364246,-0.46741161880975246,0.23609685907611,49.73338092691331,47.514500045776366,45.29561916463942
2021-10-18,48.130001068115234,3850300,49.140053630660766,-0.17295701275351405,-0.4085206975985048,0.23556368484499074,49.73229206688214,47.51400012969971,45.29570819251728
2021-10-19,47.900001525878906,4904100,44.683546932092156,-0.14361165295884604,-0.35553888867057304,0.211927235711727,49.7201808666337,47.50750026702881,45.29481966742392
2021-10-20,48.43000030517578,4901300,77.92704633500053,-0.07670456926744151,-0.29977202478994674,0.22306745552250523,49.74450441179696,47.51700019836426,45.289495984931555
2021-10-21,48.22999954223633,4067000,73.37275435247628,-0.03936484012242403,-0.2476905878564422,0.20832574773401819,49.65901138069852,47.488000106811526,45.31698883292453
2021-10-22,48.220001220703125,9353600,69.36937246546154,-0.010459051312054157,-0.20024428054756463,0.18978522923551047,49.62695060030379,47.476000213623045,45.3250498269423
2021-10-25,47.95000076293945,7551300,70.31965935981034,-0.009231372364141066,-0.1620416989108799,0.15281032654673884,49.51759616874917,47.43650016784668,45.35540416694419
2021-10-26,48.11000061035156,3963000,69.48357396083038,0.004599205777374493,-0.12871351797322905,0.13331272375060355,49.49729910487411,47.428500175476074,45.35970124607804
2021-10-27,47.5,5521700,60.53719447940812,-0.03327830112871055,-0.10962647460432536,0.0763481734756148,49.34202712973259,47.36650009155274,45.39097305337288
2021-10-28,44.58000183105469,22546300,35.68576436950049,-0.29550949749659594,-0.1468030791827795,-0.14870641831381645,49.512728514206174,47.31950016021729,45.1262718062284
2021-10-29,44.11000061035156,13384500,33.66834941480812,-0.5350866347925276,-0.22445979030472912,-0.3106268444877985,49.78115126081816,47.23200016021728,44.6828490596164
2021-11-01,44.04999923706055,9181000,29.55143073831522,-0.7214781010869942,-0.32386345246118214,-0.39761464862581203,50.01704002227328,47.109500122070315,44.20196022186735
2021-11-02,44.150001525878906,10743100,22.72073339310242,-0.8513119379522749,-0.4293531495594007,-0.4219587883928742,50.18165886865299,47.008500289916995,43.835341711181
2021-11-03,44.959999084472656,6740700,23.38595097047633,-0.8787168546061821,-0.519225890568757,-0.3594909640374251,50.22995859882505,46.934000205993655,43.63804181316226
2021-11-04,44.61000061035156,6775900,21.947861597076752,-0.9180941820614237,-0.5989995488672903,-0.31909463319413334,50.29306257019505,46.84050025939941,43.38793794860378
2021-11-05,45.20000076293945,5872900,29.958951547588242,-0.8914172135414375,-0.6574830818021198,-0.23393413173931776,50.29380929985872,46.76400032043457,43.234191341010415
2021-11-08,45.06999969482422,5864200,30.374464698966904,-0.8707283095815086,-0.7001321273579976,-0.17059618222351103,50.29236879357295,46.68200035095215,43.071631908331355
2021-11-09,44.790000915527344,7988000,23.850575657624304,-0.8669323095615837,-0.7334921637987148,-0.1334401457628689,50.26314013522127,46.56400032043457,42.864860505647876
2021-11-10,44.75,6459700,24.41176520086907,-0.8572696212169646,-0.7582476552823648,-0.09902196593459978,50.13155916176237,46.405500411987305,42.67944166221224
2021-11-11,44.900001525878906,4279800,26.080702255837465,-0.827963750834499,-0.7721908743927917,-0.055772876441707364,49.84074170142741,46.217000579833986,42.59325945824056
2021-11-12,44.91999816894531,5075700,27.35423605397142,-0.7939726529302931,-0.776547230100292,-0.017425422830001036,49.49748025390209,46.02800045013428,42.55852064636647
2021-11-15,45.20000076293945,6482500,28.63436666235343,-0.735956940203188,-0.7684291721208713,0.032472231917683225,49.222318481911685,45.88150043487549,42.5406823878393
2021-11-16,44.45000076293945,9067500,28.057561854348833,-0.7419451203719376,-0.7631323617710846,0.02118724139914696,48.96621196506574,45.70900039672851,42.45178882839129
2021-11-17,44.41999816894531,7766900,48.029514068322456,-0.740574868795747,-0.7586208631760171,0.018045994380270103,48.54679827568938,45.508500289916995,42.47020230414461
2021-11-18,44.0099983215332,6190700,48.74997258188955,-0.7637682507584316,-0.7596503406925,-0.00411791006593154,48.118361950259924,45.29750022888184,42.47663850750375
2021-11-19,43.400001525878906,10553200,42.85716681128983,-0.8218965052171896,-0.772099573597438,-0.04979693161975163,47.639638216317934,45.05650024414062,42.47336227196331
2021-11-22,43.9900016784668,7853900,48.41269901340065,-0.8110067037437787,-0.7798809996267062,-0.031125704117072495,47.09107504950885,44.85850028991699,42.62592553032513
2021-11-23,44.2400016784668,4852700,41.96431384403166,-0.7732895464213598,-0.7785627089856371,0.005273162564277234,46.30253985725238,44.66500034332275,43.02746082939313
2021-11-24,44.08000183105469,5274000,43.82285936841431,-0.7476901711455568,-0.7723882014176211,0.024698030272064297,45.4627190910831,44.49400043487549,43.525281778667875
2021-11-26,43.7400016784668,4999100,31.930708494875645,-0.746235514128557,-0.7671576639598083,0.02092214983125129,45.47626530740022,44.45200042724609,43.42773554709196
2021-11-29,43.47999954223633,7673100,30.935259037946608,-0.7573326283116444,-0.7651926568301756,0.007860028518531181,45.52468284024698,44.42050037384033,43.316317907433685
2021-11-30,42.63999938964844,11402300,27.272727272727266,-0.8244049364585422,-0.7770351127558489,-0.04736982370269327,45.705286138845224,44.35000038146973,42.99471462409423
2021-12-01,42.9900016784668,8286200,32.53971557825534,-0.8396391270786268,-0.7895559156204045,-0.050083211458222254,45.776454178230864,44.29200038909912,42.80754659996738
2021-12-02,43.209999084472656,7996800,33.4637745641093,-0.8244565588280395,-0.7965360442619316,-0.02792051456610789,45.728932574227635,44.204500389099124,42.68006820397061
2021-12-03,43.91999816894531,8629000,41.379314880731584,-0.7465277643281638,-0.7865343882751781,0.040006623947014264,45.687005625857374,44.17000026702881,42.65299490820025
2021-12-06,44.43000030517578,7029500,43.61525599897263,-0.6362810709970148,-0.7564837248195455,0.1202026538225307,45.57578144885674,44.131500244140625,42.68721903942451
2021-12-07,44.4900016784668,7280400,50.37454012929957,-0.5378679558910164,-0.7127605710338397,0.17489261514282328,45.48959697915785,44.10250034332275,42.71540370748765
2021-12-08,44.52000045776367,6403500,50.93635099214273,-0.4522410490590403,-0.6606566666388798,0.2084156175798395,45.452986769885406,44.08900032043457,42.72501387098374
2021-12-09,44.59000015258789,7656200,55.80001831054688,-0.37441667575389204,-0.6034086684618822,0.2289919927079902,45.43046265145757,44.081000328063965,42.73153800467036
2021-12-10,45.09000015258789,6358500,67.28013823392894,-0.2692902673153412,-0.5365849882325741,0.26729472091723283,45.46664998967771,44.09050025939941,42.71435052912111
2021-12-13,45.36000061035156,6921900,64.98903588400324,-0.16231893908958028,-0.4617317784039753,0.299412839314395,45.55686348149491,44.11250038146973,42.66813728144455
2021-12-14,45.400001525878906,10750200,63.30273704251021,-0.07346874919440438,-0.38407917256206114,0.31061042336765676,45.60093342607586,44.1225004196167,42.644067413157536
2021-12-15,45.959999084472656,8402600,69.74786144641074,0.04165264356508658,-0.29893280933663163,0.3405854529017182,45.886195875390975,44.19800033569336,42.50980479599574
2021-12-16,47.349998474121094,12663700,81.06709072608577,0.24225593514557886,-0.19069506044018955,0.43295099558576844,46.54469574866123,44.344500350952146,42.14430495324306
2021-12-17,48.25,26676200,86.97674336080112,0.46845799830416723,-0.05886444869131818,0.5273224469954854,47.35635904720168,44.55650043487549,41.7566418225493
2021-12-20,48.11000061035156,11013800,97.56522800611413,0.6291752417948828,0.07874348940592202,0.5504317523889608,47.95151095694747,44.79200038909912,41.63248982125077
2021-12-21,47.77000045776367,9110800,91.63763552481349,0.7208007025364935,0.20715493203203633,0.5136457705044573,48.381550479318115,44.98100032806396,41.58045017680981
2021-12-22,46.880001068115234,7997400,78.62716124029438,0.7133756768488482,0.3083990809953987,0.4049765958534495,48.596386922394665,45.113000297546385,41.629613672698106
2021-12-23,46.70000076293945,7530600,73.63947354592266,0.6850697129844079,0.38373320739320055,0.30133650559120734,48.76071764959118,45.24400024414062,41.727282838690066
2021-12-27,46.790000915527344,5686300,71.61173082485506,0.6622651128641905,0.4394395884873986,0.22282552437679193,48.903115393400356,45.396500205993654,41.88988501858695
2021-12-28,47.380001068115234,5457100,74.12354274054573,0.6839166193825577,0.48833499466643043,0.19558162471612722,49.08309811062015,45.5915002822876,42.099902453955046
2021-12-29,47.400001525878906,6044900,74.08027833258166,0.6946816069392554,0.5296043171209954,0.16507728981825998,49.11695345339811,45.829500389099124,42.54204732480014
2021-12-30,47.25,4055500,71.94718848691893,0.6832331808017216,0.5603300898571407,0.12290309094458085,49.09924739866079,46.04250030517578,42.98575321169076
2021-12-31,47.38999938964844,5440200,70.17542920357832,0.6776455255285754,0.5837931769914277,0.09385234853714763,49.0538173602041,46.25150032043457,43.449183280665046
2022-01-03,47.970001220703125,10308100,71.71380767585367,0.7118132291391319,0.6093971874209686,0.10241604171816332,49.12938044937713,46.45400047302246,43.77862049666779
2022-01-04,49.029998779296875,11647900,75.81790813469411,0.8150291756262291,0.6505235850620207,0.16450559056420844,49.41703676027864,46.684000396728514,43.95096403317839
2022-01-05,48.63999938964844,11506500,69.53352818315884,0.8554972259717886,0.6915183132439743,0.16397891272781429,49.552376454399706,46.891500282287595,44.230624110175484
2022-01-06,49.209999084472656,10134100,65.39735371206619,0.9229237684111595,0.7377994042774114,0.1851243641337481,49.73298942030447,47.126000213623044,44.51901100694162
2022-01-07,49.77000045776367,8098600,63.33333556415015,1.0099056560160875,0.7922206546251467,0.21768500139094082,49.96021350614811,47.385000228881836,44.809786951615564
2022-01-10,50.540000915527344,13390600,69.1943096544958,1.127969500131968,0.859370423726511,0.2685990764054571,50.36042518675362,47.65750026702881,44.954575347303994
2022-01-11,49.47999954223633,15590400,62.127647831629616,1.1230567955142803,0.9121076980840648,0.2109490974302155,50.45485605478301,47.86350021362305,45.27214437246309
2022-01-12,49.4900016784668,12682400,71.15071440495106,1.1072073335841708,0.951127625184086,0.15607970840008478,50.480124001435925,48.06800022125244,45.655876441068955
2022-01-13,50.310001373291016,9105100,76.50512378991286,1.1475849976581287,0.9904190996788946,0.15716589797923408,50.681720813614476,48.28550033569336,45.88927985777224
2022-01-14,50.810001373291016,10421500,77.83931893435819,1.2060280678282354,1.0335408933087629,0.17248717451947249,51.061060172147975,48.45850048065186,45.85594078915574
2022-01-18,50.459999084472656,8876200,72.06300037108551,1.2101524779095811,1.0688632102289266,0.14128926768065453,51.317840378332846,48.56900043487549,45.820160491418136
2022-01-19,50.09000015258789,6430200,68.34922615829056,1.1700773575903725,1.0891060397012158,0.08097131788915668,51.48891158647091,48.66800041198731,45.8470892375037
2022-01-20,50.33000183105469,9469700,70.75471310105856,1.1444906894391735,1.1001829696488075,0.044307719790366074,51.67702656817448,48.796000480651855,45.91497439312923
2022-01-21,50.31999969482422,8908700,70.0960004856015,1.110603634414126,1.102267102601871,0.0083365318122548,51.77724526590691,48.968000411987305,46.158755558067696
2022-01-24,49.95000076293945,12646900,63.98303646427415,1.0418819114445554,1.0901900643704079,-0.04830815292585244,51.757433639565676,49.130500411987306,46.503567184408936
2022-01-25,50.029998779296875,9660300,58.19671311003827,0.9825484157055229,1.068661734637431,-0.0861133189319081,51.70234749304727,49.29250030517578,46.88265311730429
2022-01-26,49.470001220703125,11715000,56.618829868268314,0.8801927557861973,1.0309679388671844,-0.15077518308098714,51.63261748597431,49.397000312805176,47.161383139636044
2022-01-27,50.34000015258789,11280600,58.59969912099435,0.8593705124580353,0.9966484535853546,-0.13727794112731928,51.606675545026015,49.544000244140626,47.48132494325524
2022-01-28,50.47999954223633,7551400,55.77234884808577,0.8444314353784961,0.9662050499439829,-0.12177361456548685,51.50031745862564,49.70550022125244,47.91068298387925
2022-01-31,50.880001068115234,9212600,52.94117647058823,0.8550128336298357,0.9439666066811535,-0.0889537730513178,51.38160680638864,49.880000305175784,48.37839380396293
2022-02-01,50.63999938964844,7129400,61.69354001392056,0.8344139338792047,0.9220560721207638,-0.08764213824155909,51.251789568117275,50.01350021362305,48.77521085912882
2022-02-02,50.5,6804400,59.92139775300099,0.7975981615797778,0.8971644900125666,-0.09956632843278879,51.251820051753555,50.0870002746582,48.92218049756285
2022-02-03,50.41999816894531,6014600,51.26433031928561,0.7532825453456198,0.8683881010791773,-0.11510555573355752,51.12783838440507,50.17600021362305,49.22416204284103
2022-02-04,50.189998626708984,6886800,42.40193053514195,0.691630374894352,0.8330365558422123,-0.14140618094786028,51.06134541784956,50.22500019073486,49.38865496362016
2022-02-07,50.38999938964844,7034600,49.10941871006944,0.6514000415286247,0.7967092529794948,-0.14530921145087006,51.066909750660656,50.2560001373291,49.44509052399755
2022-02-08,50.41999816894531,5491200,54.596072455868,0.6148502522939339,0.7603374528423827,-0.14548720054844888,51.05380637680539,50.25,49.44619362319461
2022-02-09,50.599998474121094,6280400,53.82431638007798,0.5935665357589031,0.7269832694256869,-0.13341673366678386,51.03666303846798,50.30599994659424,49.575336854720504
2022-02-10,50.18000030517578,7728100,48.22335565999191,0.5366228408283078,0.6889111837062112,-0.15228834287790338,50.966614624682784,50.34049987792969,49.71438513117659
2022-02-11,50.369998931884766,6836800,55.58509019337297,0.5010500604255341,0.6513389590500758,-0.15028889862454164,50.96957416064058,50.343499755859376,49.71742535107817
2022-02-14,50.09000015258789,6975300,50.757594002055704,0.44513359127231666,0.610097885494524,-0.16496429422220737,50.90266826244225,50.307499694824216,49.712331127206184
2022-02-15,50.31999969482422,5562900,61.70797682175577,0.4145991861452387,0.570998145624667,-0.15639895947942828,50.89139412469429,50.300499725341794,49.7096053259893
2022-02-16,50.61000061035156,7224800,54.42623811971649,0.40908541828266465,0.5386156001562665,-0.12953018187360188,50.9241182873672,50.32649974822998,49.728881209092755
2022-02-17,51.369998931884766,7751900,62.12533833367287,0.46073021932993896,0.523038523991001,-0.062308304661062075,51.13678731359607,50.378499603271486,49.6202118929469
2022-02-18,51.7400016784668,11325200,61.81319717796194,0.525458072079168,0.5235224336086344,0.0019356384705335739,51.420738366280574,50.449499702453615,49.478261038626655
2022-02-22,51.279998779296875,8579900,58.29014622345031,0.5334872630790599,0.5255153995027195,0.007971863576340388,51.52464448521839,50.51599960327148,49.507354721324575
2022-02-23,51.95000076293945,8759700,66.51480301317417,0.5871457645452836,0.5378414725112324,0.04930429203405118,51.77894113958823,50.611999702453616,49.445058265319005
2022-02-24,49.56999969482422,19492500,43.647248401134945,0.4326371461344749,0.5168006072358808,-0.08416346110140593,51.76402571294798,50.61699962615967,49.46997353937135
2022-02-25,51.47999954223633,11780700,57.706096130339546,0.45901770761603444,0.5052440273119115,-0.046226319695877094,51.875094466717734,50.67399959564209,49.47290472456644
2022-02-28,51.290000915527344,8646400,55.38278385269794,0.4592986820579483,0.49605495826111895,-0.036756276203170624,51.94237791289405,50.71449966430664,49.486621415719235
2022-03-01,51.56999969482422,9693000,56.67828945619522,0.47662073067221655,0.4921681127433385,-0.01554738207112194,52.03390699765013,50.74899959564209,49.46409219363405
2022-03-02,52.810001373291016,12796800,61.42710675193388,0.583678073815534,0.5104701049577777,0.07320796885775638,52.43647939556072,50.85749969482422,49.27851999408772
2022-03-03,53.16999816894531,11822500,65.55669965592307,0.6896210007314068,0.5463002841125035,0.14332071661890322,52.86637964350799,50.99099960327148,49.115619563034976
2022-03-04,53.4900016784668,8947400,66.01643217127433,0.7902931351061682,0.5950988543112365,0.19519428079493162,53.3041153175907,51.14449977874756,48.98488423990442
2022-03-07,52.849998474121094,9596500,63.66334460997025,0.8091067382143038,0.63790043109185,0.17120630712245377,53.51580669473255,51.277499771118165,49.039192847503784
2022-03-08,50.88999938964844,14529600,52.409126115789995,0.6582729477204126,0.6419749344175625,0.01629801330285008,53.51002682615678,51.302499771118164,49.094972716079546
2022-03-09,51.0,9772300,51.673815807569135,0.54137161698862,0.621854270931774,-0.08048265394315401,53.50519240358118,51.331499862670896,49.157807321760615
2022-03-10,51.22999954223633,7567200,49.37050692888341,0.46196032001831355,0.5898754807490819,-0.12791516073076836,53.51015590348488,51.36299991607666,49.21584392866844
2022-03-11,50.47999954223633,9435200,44.52173347689854,0.33464992700718454,0.5388303700007024,-0.2041804429935179,53.49432867869207,51.37799987792969,49.26167107716731
2022-03-14,50.540000915527344,11266400,46.66667812220771,0.23587807705293073,0.4782399114111481,-0.24236183435821734,53.487089237119605,51.38649997711182,49.28591071710403
2022-03-15,51.540000915527344,8346900,48.206475504679595,0.23557673504258503,0.4297072761374355,-0.19413054109485045,53.46933033736808,51.45900001525879,49.4486696931495
2022-03-16,51.279998779296875,10695500,59.18366343489737,0.21191509456546953,0.3861488398230423,-0.1742337452575728,53.44745150778495,51.50699996948242,49.566548431179896
2022-03-17,51.689998626708984,7801800,51.34442346335208,0.22366832595598396,0.3536527370496307,-0.12998441109364672,53.455922931750564,51.56099987030029,49.66607680885002
2022-03-18,51.68000030517578,25045000,52.55569554435645,0.2295301844335853,0.32882822652642163,-0.09929804209283632,53.46991558795973,51.576499938964844,49.683084289969955
2022-03-21,52.25,9326900,54.292928076632975,0.27697714112499483,0.3184580094461363,-0.04148086832114145,53.51828590078753,51.601999855041505,49.68571380929548
2022-03-22,53.310001373291016,9172800,53.22997186785977,0.39555276214432666,0.3338769599857744,0.061675802158552284,53.7580334551711,51.703499984741214,49.648966514311326
2022-03-23,53.220001220703125,8843900,50.33469205165105,0.4767666665867125,0.36245490130596203,0.11431176528075049,53.9292907163182,51.76700000762939,49.604709298940584
2022-03-24,52.5,11448500,43.710286829126424,0.47752656081926403,0.3854692332086225,0.09205732761064156,53.832373803993875,51.913500022888186,49.9946262417825
2022-03-25,53.619998931884766,7636000,54.6107799203528,0.5620246655584253,0.4207803196785831,0.14124434587984225,54.071692189088644,52.0204999923706,49.96930779565256
2022-03-28,52.029998779296875,10200300,57.142850313828035,0.4949844258677416,0.4356211409164148,0.05936328495132681,54.0797019820855,52.05749988555908,50.03529778903266
2022-03-29,51.68000030517578,8526400,54.136254283412484,0.4088990671959607,0.43027672617232404,-0.021377658976363345,54.080211423223645,52.06299991607666,50.04578840892968
2022-03-30,52.04999923706055,6650400,54.904304036825515,0.3663090392451025,0.41748318878687973,-0.051174149541777236,54.011358733470594,52.02499980926514,50.038640885059685
2022-03-31,52.25,7020700,61.331627058458636,0.3447207985580363,0.4029307107411111,-0.05820991218307481,53.89508073888446,51.97899990081787,50.06291906275128
2022-04-01,52.709999084472656,5420400,63.2155810653461,0.36057357628470044,0.394459283849829,-0.03388570756512854,53.755709038226094,51.93999977111817,50.12429050401024
2022-04-04,52.720001220703125,6688200,58.17174588414313,0.3696826343591937,0.3895039539517019,-0.019821319592508213,53.73637832833356,51.93349990844727,50.130621488560976
2022-04-05,52.63999938964844,7848600,59.65909398784282,0.36622454080795563,0.3848480713229527,-0.018623530514997044,53.77996991324456,52.020999908447266,50.262029903649974
2022-04-06,53.83000183105469,7713400,63.68287879756113,0.4542706788978492,0.398732592837932,0.055538086059917224,54.027749250689915,52.1625,50.29725074931009
2022-04-07,53.72999954223633,6174900,62.95826358616891,0.5100984315252433,0.4210057605753943,0.08909267094984896,54.223365526831365,52.2875,50.35163447316864
2022-04-08,54.11000061035156,7424500,62.04662226733092,0.5783385117350974,0.45247231080733497,0.12586620092776246,54.3717176687386,52.469000053405765,50.56628243807293
2022-04-11,54.45000076293945,6399800,58.14284390820759,0.65233472906624,0.49244479445911604,0.15988993460712397,54.53591995333667,52.664500045776364,50.793080138216055
2022-04-12,54.90999984741211,8068000,61.46538074733838,0.7395700430691861,0.54186984418113,0.197700198888056,54.87701233447106,52.8329999923706,50.788987650270144
2022-04-13,54.79999923706055,8709600,67.01181370073274,0.7907136729514903,0.5916386099352021,0.1990750630162882,55.09570927346254,53.00900001525879,50.922290757055045
2022-04-14,54.97999954223633,12214100,61.68383933721357,0.8361314851188766,0.640537184971937,0.19559430014693957,55.33960536685051,53.173500061035156,51.0073947552198
2022-04-18,54.599998474121094,5754300,77.87413341983275,0.8318732016383237,0.6788043883052144,0.1530688133331093,55.455166741581955,53.31949996948242,51.18383319738289
2022-04-19,55.220001220703125,7072400,86.27040818719485,0.8685158117254801,0.7167466729892675,0.15176913873621256,55.70134183269871,53.46800003051758,51.23465822833645
2022-04-20,55.369998931884766,6989300,85.62222800701379,0.899292422666079,0.7532558229246299,0.1460365997414491,55.9583605243202,53.57099990844726,51.18363929257433
2022-04-21,56.529998779296875,8659800,88.07821065235275,1.005692405701808,0.8037431394800656,0.20194926622174236,56.45707445169832,53.73649978637695,51.01592512105559
2022-04-22,55.529998779296875,8469900,72.88956595512785,0.9978212538841973,0.842558762360892,0.1552624915233053,56.65570495783319,53.8879997253418,51.12029449285041
2022-04-25,55.22999954223633,12144400,69.45732601306695,0.9563516515962291,0.8653173402079595,0.09103431138826967,56.79638522928275,53.968499755859376,51.140614282436005
2022-04-26,54.880001068115234,6913400,66.66666666666666,0.885042521935361,0.8692623765534397,0.015780145381921296,56.81196929256686,54.11099987030029,51.41003044803372
2022-04-27,54.91999816894531,7946600,59.78452780619967,0.8222782429574664,0.8598655498342451,-0.03758730687677869,56.738432796822465,54.27299976348877,51.807566730155074
2022-04-28,55.20000076293945,8153900,62.78261931046196,0.7860696473480289,0.8451063693370019,-0.05903672198897303,56.692016993824986,54.43049983978271,52.16898268574044
2022-04-29,55.56999969482422,10862800,62.717766792981486,0.778258615185031,0.8317368185066079,-0.05347820332157682,56.6630985913918,54.596499824523924,52.52990105765605
2022-05-02,55.380001068115234,10164800,58.31843393949981,0.7481132309872578,0.8150121010027379,-0.06689887001548012,56.62097507326333,54.72999992370605,52.839024774148776
2022-05-03,55.439998626708984,8455900,55.105966368889675,0.7207556756091691,0.7961608159240242,-0.07540514031485512,56.525363806919096,54.86599979400635,53.2066357810936
2022-05-04,56.400001525878906,7910100,63.24505841731671,0.7676893814363694,0.7904665290264933,-0.022777147590123836,56.488189575925006,55.05399990081787,53.61981022571074
2022-05-05,55.95000076293945,10016300,57.686225007980035,0.7598147096826011,0.784336165157715,-0.024521455475113862,56.52499081414153,55.15999984741211,53.79500888068269
2022-05-06,56.56999969482422,11512300,65.03818776710179,0.7944448422232213,0.7863579005708163,0.008086941652404978,56.63103751757181,55.3019998550415,53.97296219251119
2022-05-09,55.2599983215332,16925900,50.276223299073045,0.7080216759201718,0.7706906556406875,-0.06266897972051566,56.56517906060002,55.35949974060058,54.15382042060114
2022-05-10,51.56999969482422,25354700,32.374763394883985,0.33788373009432604,0.6841292705314153,-0.3462455404370892,57.26865127524363,55.21549968719482,53.162348099146016
2022-05-11,51.689998626708984,16080100,25.153988143099014,0.05361165052249817,0.5580257465296319,-0.5044140960071337,57.643574101678695,55.05449962615967,52.46542515064064
2022-05-12,52.16999816894531,12185000,31.778725890227662,-0.1314290369468054,0.42013478983434444,-0.5515638267811498,57.815837897294884,54.92299957275391,52.030161248212934
2022-05-13,53.040000915527344,8144600,38.815121168303016,-0.20550423923162953,0.29500698402114967,-0.5005112232527792,57.83841936053909,54.825999641418456,51.81357992229782
2022-05-16,53.7400016784668,7263300,44.37870089611533,-0.20535792102393202,0.19493400301213334,-0.4002919240360654,57.833315747417736,54.78299980163574,51.73268385585374
2022-05-17,54.2400016784668,8465300,46.79247007712524,-0.16301698315723456,0.12334380577825978,-0.2863607889354943,57.786242719236846,54.73399982452393,51.68175692981101
2022-05-18,53.20000076293945,9922500,41.19718357155042,-0.2109491762876985,0.05648520936506813,-0.2674343856527666,57.736265617154615,54.62549991607666,51.51473421499871
2022-05-19,51.09000015258789,13690300,32.900768093528214,-0.41441804664544435,-0.03769544183703437,-0.37672260480840997,57.70510804586052,54.35349998474121,51.001891923621905
2022-05-20,51.09000015258789,16223600,33.38497405652015,-0.5691082664796312,-0.14397800676555375,-0.4251302597140775,57.7337994996974,54.13150005340576,50.52920060711412
2022-05-23,52.119998931884766,10535400,38.04035112791873,-0.6016535985826863,-0.23551312512898026,-0.36614047345370604,57.64649394128459,53.976000022888186,50.30550610449178
2022-05-24,52.93000030517578,10561600,37.36343637180982,-0.5556801327190328,-0.2995465266469908,-0.25613360607204205,57.551481535545015,53.87849998474121,50.20551843393741
2022-05-25,53.88999938964844,9198000,42.76684996320586,-0.4367473748597348,-0.3269866962895396,-0.10976067857019522,57.46723248164419,53.827000045776366,50.18676760990854
2022-05-26,54.5,7276700,42.726636660223946,-0.2899282438039208,-0.3195750057924158,0.02964676198849503,57.38986299336454,53.7920000076294,50.19413702189426
2022-05-27,54.43000030517578,7356700,46.80524284406641,-0.177179005739859,-0.29109580578190447,0.11391680004204546,57.24941298953412,53.73500003814697,50.22058708675982
2022-05-31,54.09000015258789,11325100,63.07053744872024,-0.1139460934375407,-0.25566586331303176,0.14171976987549106,57.104218521150905,53.67049999237061,50.23678146359031
2022-06-01,54.08000183105469,6797300,62.539362821642335,-0.06390369385361083,-0.2173134294211476,0.15340973556753676,56.94122337894333,53.60250015258789,50.26377692623246
2022-06-02,54.150001525878906,5882200,60.85527829295695,-0.018384417169635014,-0.1775276269708451,0.15914320980121008,56.57371679380157,53.49000015258789,50.406283511374205
2022-06-03,53.81999969482422,4785100,54.54544646175789,-0.008836589570663023,-0.14378941949080867,0.13495282992014565,56.24888942711886,53.38350009918213,50.5181107712454
2022-06-06,53.59000015258789,8198200,49.0752064451916,-0.01960293781743161,-0.11895212315613327,0.09934918533870166,55.68160404899462,53.234500122070315,50.78739619514601
2022-06-07,54.0099983215332,5439700,48.56784936551551,0.005689411794755017,-0.09402381616595562,0.09971322796071064,55.45996121117141,53.172000122070315,50.88403903296922
2022-06-08,49.4900016784668,31794300,33.883575781599035,-0.33512901415877394,-0.14224485576451928,-0.19288415839425466,55.80717127612494,53.06800022125244,50.32882916637994
2022-06-09,48.65999984741211,25295200,38.12316070360499,-0.6645438356690718,-0.2467046517454298,-0.41783918392364205,56.24775767389407,52.9165002822876,49.58524289068113
2022-06-10,48.939998626708984,13395400,39.77163344623778,-0.8927231369577981,-0.37590834878790347,-0.5168147881698947,56.523169349680714,52.755000305175784,48.986831260670854
2022-06-13,47.15999984741211,18091300,27.97512653553497,-1.2033168153819744,-0.5413900421067177,-0.6619267732752567,56.97856362386531,52.46100025177002,47.94343687967472
2022-06-14,46.290000915527344,12989100,20.671360230337783,-1.5023480529827964,-0.7335816442819335,-0.7687664087008629,57.332244596756155,52.08850021362305,46.844755830489945
2022-06-15,45.66999816894531,22244800,12.568285887004322,-1.7689699191725268,-0.9406592992600522,-0.8283106199124746,57.527053883691096,51.660000038146975,45.792946192602855
2022-06-16,45.380001068115234,16086500,7.223238322491014,-1.9808361651802997,-1.1486946724441016,-0.8321414927361981,57.7174219573877,51.26900005340576,44.820578149423824
2022-06-17,45.310001373291016,30811200,7.223238322491014,-2.1298386279908286,-1.344923463553447,-0.7849151644373815,57.958499334888906,50.98000011444092,44.00150089399293
2022-06-21,45.70000076293945,14934100,10.830970664919008,-2.1911957215827726,-1.5141779151593122,-0.6770178064234604,58.07665435799993,50.710500144958495,43.34434593191706
2022-06-22,41.5,41732700,7.785211462325108,-2.549339423046476,-1.7212102167367451,-0.8281292063097307,58.57678659843975,50.17950019836426,41.782213798288765
2022-06-23,42.5099983215332,18681700,13.25754829965328,-2.7203143723553183,-1.9210310478604598,-0.7992833244948585,58.611837328658254,49.65850009918213,40.705162869706
2022-06-24,43.400001525878906,31383200,18.231701076489358,-2.75227096451723,-2.0872790311918137,-0.6649919333254162,58.270761018922215,49.13400020599365,39.99723939306509
2022-06-27,43.189998626708984,11770300,18.25395827307368,-2.7626956373469014,-2.2223623524228313,-0.5403332849240701,57.706889787673695,48.5685001373291,39.43011048698451
2022-06-28,43.189998626708984,9856600,16.102755903817993,-2.7393794050926914,-2.3257657629568036,-0.4136136421358878,57.00857581464555,48.00650005340576,39.004424292165965
2022-06-29,41.7599983215332,12371600,19.968913336143217,-2.803967801259766,-2.4214061706173964,-0.3825616306423698,56.326452351388745,47.38999996185303,38.45354757231731
2022-06-30,41.77000045776367,10556500,21.41079815476334,-2.8218193053237357,-2.501488797558664,-0.32033050776507155,55.46311705589184,46.77449989318848,38.08588273048511
2022-07-01,42.25,8109600,22.693891659517362,-2.765357479721679,-2.5542625339912672,-0.21109494573041188,54.35623056346357,46.179499816894534,38.0027690703255
2022-07-05,41.720001220703125,8425300,25.272742090141264,-2.7318860662198645,-2.5897872404369866,-0.1420988257828779,53.13853234984007,45.574499893188474,38.01046743653688
2022-07-06,41.15999984741211,11413700,26.00562176852688,-2.7192018937818787,-2.615670171105965,-0.1035317226759136,51.74748075181355,44.952999877929685,38.15851900404582
2022-07-07,41.810001373291016,8707900,31.996292059063734,-2.6264241224993086,-2.617820961384634,-0.008603161114674407,49.765969340627066,44.34300003051758,38.92003072040809
2022-07-08,41.52000045776367,6930700,31.99628067323657,-2.5469382023912246,-2.6036444095859523,0.05670620719472774,48.92852679859476,43.94449996948242,38.960473140370084
2022-07-11,41.95000076293945,10654700,34.837555318227416,-2.4213359534333563,-2.567182718355433,0.14584676492207693,48.13921134781498,43.609000015258786,39.078788682702594
2022-07-12,42.310001373291016,8865000,34.660651073257995,-2.2666180634989104,-2.507069787384129,0.24045172388521863,47.07648555747901,43.27750015258789,39.47851474769677
2022-07-13,41.959999084472656,7588200,53.194432670707414,-2.1474903486867944,-2.4351538996446624,0.287663550957868,46.38494121051259,43.01750011444092,39.650059018369255
2022-07-14,41.630001068115234,8661700,43.251567123922435,-2.056008472589724,-2.359324814233675,0.30331634164395105,45.82781877377917,42.78450012207031,39.741181470361454
2022-07-15,41.9900016784668,14309000,38.23040353575397,-1.9321863446498426,-2.2738971203169087,0.3417107756670661,45.3389787481159,42.60050029754639,39.86202184697688
2022-07-18,42.27000045776367,10493500,42.4092625302626,-1.7908194033894986,-2.177281576931427,0.38646217354192824,44.85207341816159,42.44500026702881,40.03792711589603
2022-07-19,42.959999084472656,7212600,48.296300649967534,-1.6046110045063031,-2.062747462446402,0.45813645794009883,44.343351671295444,42.32750015258789,40.31164863388033
2022-07-20,42.31999969482422,8733800,54.697995812795746,-1.4914891503731127,-1.9484958000317443,0.4570066496586316,43.40306283533383,42.15850009918213,40.91393736303043
2022-07-21,42.77000045776367,7046100,57.81249813735529,-1.3499663929645038,-1.828789918618296,0.47882352565379227,43.45463642134012,42.22200012207031,40.989363822800506
2022-07-22,43.09000015258789,5511100,56.73076864295238,-1.1981754661431339,-1.7026670281232639,0.50449156198013,43.538247309168334,42.251000213623044,40.963753118077754
2022-07-25,43.83000183105469,5349200,66.35658227024598,-1.0065650566345283,-1.5634466338255169,0.5568815771909885,43.65163582641842,42.27250022888184,40.89336463134526
2022-07-26,44.13999938964844,5604100,74.0322514155909,-0.8202429640931257,-1.4148058998790387,0.594562935785913,43.885092896931425,42.32000026702881,40.754907637126195
2022-07-27,44.06999969482422,9339500,70.10675045426808,-0.670500639733639,-1.2659448478499589,0.5954442081163198,44.07477587391144,42.36400032043457,40.6532247669577
2022-07-28,44.0,7076600,72.96296845738522,-0.5511241431447047,-1.122980706908908,0.5718565637642032,44.309195652474706,42.47600040435791,40.64280515624112
2022-07-29,43.86000061035156,11826800,68.68885562742851,-0.46248297441428576,-0.9908811604099836,0.5283981859956979,44.48127524002969,42.5805004119873,40.679725583944915
2022-08-01,44.04999923706055,9466500,67.6113329060456,-0.3726077184417065,-0.8672264720163283,0.4946187535746218,44.67311366177261,42.67050037384033,40.667887085908056
2022-08-02,43.83000183105469,8365000,69.43873868872481,-0.31549604066945847,-0.7568803857469544,0.4413843450774959,44.79006018343971,42.77600040435791,40.76194062527611
2022-08-03,44.22999954223633,6179400,76.639385269609,-0.23524637838132634,-0.6525535842738288,0.4173072058925025,44.892284960849736,42.92950038909912,40.9667158173485
2022-08-04,44.25,6450800,74.88990707745617,-0.16809636282536644,-0.5556621399841363,0.38756577715876983,45.024595514756186,43.05150032043457,41.078405126112955
2022-08-05,44.099998474121094,4865600,70.74831344237677,-0.1255362573992045,-0.46963696346714995,0.34410070606794546,45.06747965820357,43.180500221252444,41.29352078430132
2022-08-08,44.220001220703125,4539300,66.40629346176159,-0.08118796416248841,-0.3919471636062177,0.31075919944372926,45.14201895192642,43.294000244140626,41.445981536354836
2022-08-09,44.220001220703125,4295700,79.68755215411392,-0.04551693140822266,-0.3226611171666187,0.27714418575839606,45.22074321360311,43.38950023651123,41.558257259419356
2022-08-10,44.7400016784668,4717200,80.12237374738979,0.024430688393593414,-0.2532427560545763,0.2776734444481697,45.324569253376914,43.528500366210935,41.732431479044955
2022-08-11,45.130001068115234,4201600,80.53896934533327,0.11006560463884085,-0.1805810839158929,0.29064668855473375,45.39998939009124,43.70350036621094,42.007011342330635
2022-08-12,45.150001525878906,7351600,75.19088081815218,0.1774996569644074,-0.10896493573983282,0.2864645927042402,45.47250620253391,43.861500358581544,42.25049451462918
2022-08-15,45.279998779296875,6194600,73.36069290058315,0.23867996709936534,-0.03943595517199319,0.2781159222713585,45.55807343486742,44.012000274658206,42.465927114448995
2022-08-16,45.7400016784668,6484000,79.50535608134612,0.32058864685856037,0.03256896523411752,0.28801968162444286,45.79557599547059,44.15100040435791,42.506424813245225
2022-08-17,45.45000076293945,3868800,73.77051025653533,0.35797470586590663,0.09765011336047534,0.2603245925054313,45.80781482164021,44.30750045776367,42.80718609388714
2022-08-18,45.61000061035156,3800500,78.50163149772237,0.39594981450151323,0.15731005358868294,0.2386397609128303,45.87271406469,44.449500465393065,43.02628686609613
2022-08-19,45.470001220703125,9093900,73.5099630530205,0.41002210141498097,0.20785246315394257,0.2021696382610384,45.90867026026099,44.56850051879883,43.228330777336666
2022-08-22,45.380001068115234,7066600,76.81656606348758,0.4091952815377269,0.24812102683069948,0.1610742547070274,45.98562249282873,44.64600048065186,43.30637846847498
2022-08-23,45.529998779296875,5359300,74.62116778723262,0.4158499234770119,0.281666806159962,0.1341831173170499,46.08840362580681,44.71550045013428,43.342597274461745
2022-08-24,45.79999923706055,4250500,76.81656606348758,0.4378631418723984,0.31290607330244924,0.12495706856994915,46.220889639889975,44.80200042724609,43.38311121460221
2022-08-25,46.38999938964844,6926800,84.38437922423076,0.49718561128464955,0.3497619808988893,0.14742363038576023,46.45401484275006,44.92150039672852,43.388985950706974
2022-08-26,45.880001068115234,6931200,72.31184146435255,0.4973137698040233,0.37927233867991617,0.11804143112410714,46.52644429823148,45.0225004196167,43.518556541001914
2022-08-29,45.709999084472656,6253400,69.15164649812698,0.4781853737117743,0.39905494568628785,0.07913042802548642,46.566061950865816,45.10550041198731,43.6449388731088
2022-08-30,45.119998931884766,7952000,54.79794622816904,0.4106837933907599,0.4013807152271823,0.00930307816357756,46.50163946212895,45.17000026702881,43.838361071928674
2022-08-31,45.119998931884766,6627300,49.85991404642177,0.3531177826732659,0.39172812871639906,-0.03861034604313318,46.47125401789694,45.21450023651123,43.957746455125516
2022-09-01,45.369998931884766,6864200,52.894703291783244,0.32393509299234324,0.3781695215715879,-0.05423442857924465,46.443305374093526,45.27050018310547,44.09769499211741
2022-09-02,45.0,8555000,46.53466935835674,0.2678640100094398,0.3561084192591583,-0.08824440924971849,46.36140334810069,45.315500259399414,44.26959717069814
2022-09-06,44.56999969482422,12042000,35.411440481660435,0.18657907438191756,0.3222025502837102,-0.13562347590179263,46.31124953657625,45.33300018310547,44.35475082963469
2022-09-07,44.95000076293945,10257100,43.90243675508704,0.15108151401762626,0.28797834303049347,-0.1368968290128672,46.21888296244162,45.369500160217285,44.52011735799295
2022-09-08,45.150001525878906,8651100,44.44445468249551,0.1375027852599473,0.25788323147638426,-0.12038044621643695,46.19399010481626,45.39000015258789,44.58601020035952
2022-09-09,45.56999969482422,7842200,51.1312049270029,0.15880132423735205,0.23806685002857783,-0.07926552579122578,46.21009249742245,45.41200008392334,44.613907670424226
2022-09-12,45.150001525878906,10683200,47.5789502426551,0.1401743846116119,0.21848835694518465,-0.07831397233357273,46.21009249742245,45.41200008392334,44.613907670424226
2022-09-13,42.970001220703125,17325800,31.12095855820172,-0.049919958637524076,0.16480669382864294,-0.214726652466167,46.650220171967675,45.29650020599365,43.94278024001963
2022-09-14,41.7599983215332,11988200,23.834195099004233,-0.2948098325284647,0.07288338855722143,-0.36769322108568614,47.16085346509992,45.097500038146975,43.03414661119403
2022-09-15,42.0099983215332,9786400,20.325200310344698,-0.4633724421862837,-0.0343677775914796,-0.42900466459480413,47.39806556549446,44.92549991607666,42.45293426665886
2022-09-16,42.290000915527344,28808600,24.89512257973645,-0.5678201779564276,-0.14105825766446922,-0.42676192029195836,47.47265319930081,44.75949993133545,42.04634666337009
2022-09-19,42.90999984741211,12656400,31.57895793544631,-0.59372296009942,-0.2315911981514594,-0.36213176194796065,47.44327440031812,44.6314998626709,41.81972532502368
2022-09-20,42.91999816894531,6549300,34.33047991822855,-0.6064535021107957,-0.3065636589433267,-0.29988984316746903,47.396597416892504,44.508499717712404,41.6204020185323
2022-09-21,43.0099983215332,7925100,35.16174100407545,-0.6023369231142937,-0.3657183117775201,-0.23661861133677353,47.30265796401092,44.38249969482422,41.46234142563752
2022-09-22,43.27000045776367,7648900,35.25282539301547,-0.5715065335674296,-0.40687595613550204,-0.1646305774319276,47.1365368189152,44.25599975585938,41.37546269280356
2022-09-23,41.68000030517578,12898400,30.095934559219714,-0.6676763940027755,-0.45903604370895673,-0.20864035029381872,46.93636239241336,44.020499801635744,41.10463721085813
2022-09-26,41.470001220703125,10887300,30.911345901785666,-0.7521663666778196,-0.5176621083027293,-0.23450425837509026,46.78982827461409,43.79999980926514,40.81017134391619
2022-09-27,40.790000915527344,8432700,25.296918839843016,-0.8640355563184059,-0.5869367979058646,-0.2770987584125413,46.688268209887866,43.55399990081787,40.419731591747876
2022-09-28,41.40999984741211,6647000,28.84614471770162,-0.8923771940195877,-0.6480248771286092,-0.24435231689097847,46.55129773309249,43.36849994659424,40.18570216009599
2022-09-29,41.16999816894531,5834700,24.595844889012625,-0.9235580731900157,-0.7031315163408905,-0.22042655684912515,46.38622665434343,43.170999908447264,39.9557731625511
2022-09-30,40.380001068115234,9121400,23.588044919631585,-1.0004823703477115,-0.7626016871422548,-0.23788068320545663,46.192201477713326,42.921500015258786,39.65079855280425
2022-10-03,41.369998931884766,9322200,39.795903968890755,-0.9703749972748525,-0.8041563491687744,-0.16621864810607812,45.92685507905931,42.73999996185303,39.55314484464675
2022-10-04,42.5,8393900,54.76805308329363,-0.8455856596926168,-0.812442211273543,-0.033143448419073795,45.70538190373867,42.63649997711182,39.56761805048497
2022-10-05,42.900001525878906,6535900,55.625810502618926,-0.7062709782154215,-0.7912079646619187,0.08493698644649716,45.408303396842484,42.53400001525879,39.6596966336751
2022-10-06,42.9900016784668,11154400,54.53368522115616,-0.5818931275272448,-0.7493449972349839,0.16745186970773918,45.036661899473394,42.42600002288818,39.81533814630297
2022-10-07,42.81999969482422,10524500,49.38101687124532,-0.49137624460027496,-0.6977512467080422,0.20637500210776727,44.45359465386571,42.288500022888186,40.123405391910666
2022-10-10,43.459999084472656,11408600,53.41772665333294,-0.3638046471829739,-0.6309619268030285,0.26715727962005464,43.99917934660533,42.20399990081787,40.40882045503041
2022-10-11,44.349998474121094,14565500,57.70114962688318,-0.1887123657338421,-0.5425120145891912,0.3537996488553491,44.285121510136236,42.27299976348877,40.2608780168413
2022-10-12,44.75,10794500,58.371037990327764,-0.01747228144308366,-0.4375040679599697,0.42003178651688605,44.700835589325976,42.42249984741211,40.14416410549825
2022-10-13,45.88999938964844,11909400,75.08938850261981,0.2078294143286783,-0.30843737150224015,0.5162667858309185,45.36018319074677,42.61649990081787,39.872816610888975
2022-10-14,45.22999954223633,11226200,71.26695846511083,0.3293298500904527,-0.1808839271837016,0.5102137772741543,45.738788926302036,42.76349983215332,39.78821073800461
2022-10-17,44.59000015258789,7872500,71.59090662790703,0.36971537010175126,-0.07076406772661102,0.4404794378283623,45.93302328795515,42.84749984741211,39.76197640686907
2022-10-18,44.77000045776367,7176200,70.09569596317448,0.41150216516621185,0.025689178851953556,0.3858129863142583,46.14334649985166,42.939999961853026,39.73665342385439
2022-10-19,44.66999816894531,5930300,71.28953455131371,0.4315742332435448,0.10686618973027182,0.324708043513273,46.318675014963745,43.022999954223636,39.72732489348353
2022-10-20,43.560001373291016,9710300,68.61826676970219,0.3538352346964615,0.15625999872350976,0.19757523597295173,46.34029493291448,43.0375,39.73470506708552
2022-10-21,44.47999954223633,7471100,68.35891477057774,0.36228646885952287,0.1974652927507124,0.16482117610881047,46.47538310981747,43.17749996185303,39.87961681388859
2022-10-24,45.40999984741211,8428700,67.59371031642613,0.43896724397156106,0.24576568299488216,0.1932015609766789,46.7133771801566,43.37449989318848,40.03562260622036
2022-10-25,45.7400016784668,8282100,67.31707248994107,0.5203672310070431,0.3006859925973144,0.2196812384097287,46.887265960822056,43.62199993133545,40.35673390184885
2022-10-26,46.310001373291016,12132000,69.12442153282265,0.6236820998555004,0.3652852140489516,0.2583968858065488,47.168553941246316,43.86700000762939,40.56544607401247
2022-10-27,45.41999816894531,11332300,63.82977687271168,0.6265219027393343,0.41753255178702814,0.20898935095230614,47.191821417764984,44.07950000762939,40.9671785974938
2022-10-28,46.310001373291016,9253700,64.76684306502256,0.692604375399668,0.47254691650955616,0.22005745889011186,47.11140860076866,44.376000022888185,41.64059144500771
2022-10-31,46.27000045776367,7711600,60.909093667650836,0.7332945088618459,0.5246964349800141,0.20859807388183182,47.08729413373923,44.621000099182126,42.154706064625024
2022-11-01,46.13999938964844,4859200,58.14770425161778,0.7464471549001033,0.5690465789640319,0.1774005759360714,47.14432751059549,44.80300006866455,42.461672626733616
2022-11-02,44.84000015258789,9000600,43.958581811589205,0.6445417714335022,0.584145617457926,0.06039615397557618,47.06335038517346,44.9,42.73664961482654
2022-11-03,44.90999984741211,5705700,48.024694730258716,0.5629401871486834,0.5799045313960776,-0.016964344247394125,46.96406548197737,44.99599990844727,43.02793433491716
2022-11-04,45.5,5512000,55.65216814413004,0.5396575884180308,0.5718551428004682,-0.03219755438243743,46.81947253303543,45.12999992370605,43.44052731437667
2022-11-07,45.880001068115234,8277000,56.72727020516117,0.5455797676277925,0.5666000677659331,-0.021020300138140602,46.775452469712405,45.251000022888185,43.726547576063965
2022-11-08,45.900001525878906,6889200,57.527554981561536,0.5455976964869294,0.5623995935101324,-0.016801897023203005,46.81726944355339,45.32850017547607,43.83973090739875
2022-11-09,45.209999084472656,5348600,60.64513080454554,0.4843511759482908,0.5467899099977641,-0.06243873404947331,46.81666484342353,45.35150012969971,43.886335415975886
2022-11-10,44.220001220703125,12330900,48.33760900774597,0.35187215020052776,0.5078063580383169,-0.1559342078377891,46.79306967030117,45.26800022125244,43.742930772203714
2022-11-11,44.380001068115234,9820300,42.69505518587017,0.25683162326635056,0.4576114110839236,-0.20077978781757305,46.80155122446002,45.22550029754639,43.64944937063276
2022-11-14,43.959999084472656,8145800,37.535014753880276,0.14593838411547466,0.3952768056902338,-0.24933842157475916,46.846843810389444,45.194000244140625,43.541156677891806
2022-11-15,43.65999984741211,9262900,30.71326402107354,0.033461538130723056,0.3229137521783317,-0.2894522140476086,46.92076740603158,45.13850021362305,43.356233021214514
2022-11-16,43.58000183105469,9891900,34.81852506052522,-0.06142428311240167,0.24604614512018505,-0.30747042823258675,46.9890231804666,45.08400039672851,43.17897761299042
2022-11-17,43.66999816894531,7834000,24.904904498370783,-0.12788583937585685,0.1712597482209767,-0.2991455875968335,46.97654779919245,45.08950023651123,43.20245267383
2022-11-18,44.20000076293945,9640900,32.00000265370245,-0.13622006154996313,0.10976378626678873,-0.24598384781675187,46.98560107441341,45.075500297546384,43.16539952067936
2022-11-21,44.79999923706055,7644700,39.22829010110179,-0.09333423128297369,0.06914418275683626,-0.16247841403980995,46.95209005834797,45.04500026702881,43.13791047570965
2022-11-22,45.15999984741211,6068600,53.03030084096755,-0.029952586444238705,0.049324828916621266,-0.07927741536085997,46.89603865929925,45.01600017547607,43.135961691652895
2022-11-23,45.02000045776367,5192400,51.028043380607066,0.008878694941152787,0.041235602121527576,-0.03235690718037479,46.73040926393286,44.95150012969971,43.17259099546656
2022-11-25,44.7400016784668,2734800,42.46032977471324,0.016864796881051802,0.03636144107343243,-0.019496644192380626,46.68466160499924,44.91750030517578,43.150339005352315
2022-11-28,45.150001525878906,6760100,42.80078761900247,0.055636063472185526,0.040216365553183045,0.015419697919002481,46.50627055809697,44.859500312805174,43.21273006751338
2022-11-29,45.81999969482422,6897200,49.30068251146078,0.13882553010792265,0.05993819846413097,0.07888733164379168,46.41342003663695,44.8370002746582,43.260580512679454
2022-11-30,46.58000183105469,11309500,61.830780096612756,0.2630473563724536,0.1005600300457955,0.16248732632665808,46.5218950914866,44.85900039672852,43.19610570197044
2022-12-01,47.0099983215332,9115900,76.67305368082386,0.3916761726990998,0.15878325857645637,0.23289291412264346,46.8883430806472,44.96750030517578,43.04665752970436
2022-12-02,47.630001068115234,7653700,78.55890125891828,0.5374490977798061,0.23451642641712633,0.30293267136267976,47.36258538249803,45.10350036621094,42.84441534992384
2022-12-05,47.189998626708984,7451700,78.28373220669397,0.6104339685681239,0.3096999348473259,0.30073403372079804,47.628661016541315,45.18800029754639,42.74733957855146
2022-12-06,46.209999084472656,7721500,69.95305949081218,0.5824827332686908,0.36425649453159886,0.21822623873709196,47.66920212586973,45.20450019836426,42.739798270858785
2022-12-07,46.369998931884766,6189800,71.56103724431347,0.5667091580183197,0.40474702722894307,0.1619621307893766,47.72931380275095,45.22800006866455,42.72668633457815
2022-12-08,46.86000061035156,5850400,73.21689349391703,0.5869811727509244,0.44119385633333935,0.14578731641758508,47.91598770872314,45.310500144958496,42.705012581193856
2022-12-09,46.709999084472656,6183800,69.3374242865078,0.5842086275539273,0.469796810577457,0.11441181697647035,48.0589821775778,45.435000038146974,42.811017898716145
2022-12-12,46.959999084472656,5527600,67.58956612500893,0.5953217772992545,0.4949018039218165,0.10041997337743802,48.22304094336163,45.56399993896484,42.90495893456805
2022-12-13,46.810001373291016,14083500,63.91232243646567,0.5852787378624456,0.5129771907099423,0.07230154715250325,48.30846067976621,45.70650005340576,43.10453942704531
2022-12-14,47.130001068115234,8636300,67.26677904726228,0.5962674576872473,0.5296352441054033,0.06663221358184401,48.36763658951347,45.88000011444092,43.39236363936837
2022-12-15,46.95000076293945,8019700,68.38600914257569,0.5837227841150252,0.5404527521073277,0.04327003200769752,48.32800402354379,46.048500061035156,43.76899609852652
2022-12-16,46.560001373291016,15186000,61.7696114550423,0.536131162237595,0.5395884341333812,-0.0034572718957861515,48.18606257865737,46.19300022125244,44.19993786384751
2022-12-19,46.380001068115234,7887600,55.09091804440721,0.4783755234621978,0.5273458519991445,-0.04897032853694672,48.06081058933848,46.30200023651123,44.543189883683986
2022-12-20,46.439998626708984,8395300,48.54163305626441,0.4324599362358157,0.5083686688464788,-0.07590873261066311,47.99464064580579,46.38400020599365,44.773359766181514
2022-12-21,45.59000015258789,8372400,36.3984881525177,0.32375172111448336,0.47144527930007973,-0.14769355818559637,47.957767606594174,46.40550022125244,44.8532328359107
2022-12-22,45.779998779296875,6709700,30.68889970207117,0.25004857440516304,0.42716593832109645,-0.1771173639159334,47.886308017883614,46.4435001373291,45.00069225677459
2022-12-23,46.2400016784668,6759700,40.1247668354334,0.22614977535694436,0.3869627057282661,-0.16081293037132172,47.72506584904897,46.5185001373291,45.31193442560923
2022-12-27,46.47999954223633,7957200,53.3169622981934,0.22399356836507422,0.35436887825562774,-0.13037530989055351,47.606382279026136,46.58500003814697,45.56361779726781
2022-12-28,45.849998474121094,5848000,44.27311905476111,0.169495103682884,0.317394123341079,-0.14789901965819502,47.60322948799405,46.586499977111814,45.56977046622958
2022-12-29,45.869998931884766,4270300,37.83780490662418,0.12646078634683988,0.2792074559422312,-0.1527466695953913,47.61706846655757,46.55099983215332,45.48493119774908
2022-12-30,45.709999084472656,5025200,37.745080622993314,0.07853977170201176,0.2390739190941873,-0.16053414739217553,47.59201108434039,46.48599987030029,45.37998865626019
2023-01-03,45.52000045776367,5127800,32.08953736749359,0.02494319146842372,0.19624777356903458,-0.17130458210061086,47.428033265668454,46.380499839782715,45.332966413896976
2023-01-04,45.40999984741211,7907300,32.41202225178563,-0.02610766157987854,0.15177668653925197,-0.1778843481191305,47.35183371008389,46.29149990081787,45.23116609155185
2023-01-05,45.369998931884766,7648300,26.21616773134612,-0.06899820168452919,0.10762170889449574,-0.17661991057902493,47.387152474368136,46.24949989318848,45.11184731200882
2023-01-06,46.45000076293945,7031300,44.56521558851677,-0.015661604683131714,0.08296504617897026,-0.09862665086210197,47.393496678573264,46.25349998474121,45.11350329090916
2023-01-09,45.97999954223633,6881200,43.80339964493974,-0.01118816760497765,0.06413440342218069,-0.07532257102715834,47.31844002116461,46.20949993133545,45.10055984150629
2023-01-10,45.9900016784668,6962900,45.67628375920898,-0.006757946290548489,0.049955933479634854,-0.05671387977018334,47.26055923735812,46.173500061035156,45.08644088471219
2023-01-11,45.81999969482422,6740400,43.29006437911762,-0.016771373342862717,0.036610472115135344,-0.05338184545799806,47.14805137257581,46.11650009155274,45.08494881052967
2023-01-12,45.400001525878906,5671500,47.73271667038424,-0.05792965162344643,0.01770244736741899,-0.07563209899086543,47.07069383046426,46.04600009918213,45.0213063679
2023-01-13,45.619998931884766,6283500,48.10426947278596,-0.07196634835421634,-0.00023131177690807574,-0.07173503657730826,46.87428157698084,45.970499992370605,45.06671840776037
2023-01-17,45.15999984741211,7214400,37.203773475748655,-0.11883871465843754,-0.02395279235321397,-0.09488592230522357,46.72917868108325,45.88099994659424,45.032821212105226
2023-01-18,44.0099983215332,13300700,25.92593694229626,-0.24594580468588845,-0.06835139481974886,-0.17759440986613959,46.88966716511941,45.753499794006345,44.61733242289328
2023-01-19,44.540000915527344,8093500,36.978172072204615,-0.3004489212299646,-0.11477090010179201,-0.18567802112817255,46.879129758313276,45.66149978637695,44.443869814440625
2023-01-20,44.939998626708984,8401500,41.40480891270625,-0.30781822451091045,-0.1533803649836157,-0.15443785952729475,46.786891085268024,45.586499786376955,44.386108487485885
2023-01-23,44.810001373291016,7585300,41.63571066448752,-0.3204541464480073,-0.18679512127649403,-0.13365902517151326,46.79708749837459,45.54749984741211,44.29791219644964
2023-01-24,44.779998779296875,4989500,42.91186815483563,-0.32909555550426717,-0.21525520812204868,-0.11384034738221849,46.78729634699204,45.49749984741211,44.20770334783217
2023-01-25,44.93000030517578,8034400,45.43727187084581,-0.3201495798457046,-0.23623408246677985,-0.08391549737892473,46.69582212473065,45.43199977874756,44.16817743276447
2023-01-26,44.290000915527344,9449100,40.785006818928956,-0.36054627866242583,-0.261096521705909,-0.09944975695651681,46.583491610860726,45.32249984741211,44.061508083963496
2023-01-27,44.13999938964844,9247000,26.572013763849554,-0.40005325810560777,-0.2888878689858488,-0.11116538911975898,46.57682107281557,45.236999893188475,43.89717871356138
2023-01-30,44.5,6868500,34.647318831690455,-0.39772901088227286,-0.3106560973651336,-0.08707291351713925,46.51213680029387,45.16849994659424,43.82486309289461
2023-01-31,45.040000915527344,7584900,41.121491995199904,-0.34829849901699816,-0.3181845776955065,-0.030113921321491655,46.45499252471148,45.13500003814697,43.81500755158246
2023-02-01,47.540000915527344,14734800,61.19792416898711,-0.10617147691153406,-0.27578195753871204,0.16961048062717798,46.93479775268052,45.236000061035156,43.537202369389796
2023-02-02,46.970001220703125,9920800,60.02553849091976,0.03926905166844108,-0.21277175569728143,0.25204080736572254,47.18133109679796,45.31400012969971,43.44666916260145
2023-02-03,46.90999984741211,10245900,58.40938683388323,0.14798423884984402,-0.14062055678785634,0.28860479563770036,47.390389164266054,45.39100017547607,43.39161118668609
2023-02-06,46.959999084472656,5911500,62.39667879907544,0.23546206835748507,-0.06540403175878806,0.3008661001162731,47.48458656934023,45.416500091552734,43.34841361376524
2023-02-07,46.560001373291016,6920800,69.5852704683931,0.26940685162837497,0.0015581449186445467,0.26784870670973043,47.56254412130899,45.445500183105466,43.32845624490194
2023-02-08,46.5,5736500,66.22515552467868,0.28814516940852997,0.05887554981662163,0.22926961959190834,47.627575820250456,45.47100009918213,43.3144243781138
2023-02-09,46.33000183105469,5838900,61.96215899995863,0.2859813744838533,0.10429671475006796,0.18168465973378534,47.68231416456162,45.496500205993655,43.31068624742569
2023-02-10,47.2400016784668,6899100,68.43701701272916,0.3536196269776397,0.15416129719558233,0.19945832978205738,47.90801345671433,45.58850021362305,43.26898697053177
2023-02-13,47.849998474121094,5370800,71.40865048000289,0.4512434195878896,0.2135777216740438,0.2376656979138458,48.23067142760064,45.70000019073486,43.16932895386908
2023-02-14,47.40999984741211,6397500,66.62199138573314,0.4874873162876625,0.26835964059676753,0.21912767569089497,48.440278270496925,45.812500190734866,43.18472211097281
2023-02-15,47.650001525878906,4893300,73.79604654580663,0.529473553678983,0.3205824232132106,0.20889113046577235,48.60075601458621,45.99450035095215,43.38824468731809
2023-02-16,47.400001525878906,5422300,72.76539066037986,0.5363918473197202,0.3637443080345125,0.1726475392852077,48.721482846196544,46.13750038146973,43.55351791674291
2023-02-17,48.06999969482422,7825200,73.89560078724797,0.5891465826256805,0.40882476295274617,0.18032181967293437,48.95072114221033,46.294000434875485,43.637279727540644
2023-02-21,47.439998626708984,8236200,65.87301387067458,0.573508223569867,0.4417614550761704,0.1317467684936966,49.03283802900492,46.425500297546385,43.81816256608785
2023-02-22,47.13999938964844,6908300,46.26863759616822,0.5307886786344795,0.4595668997878322,0.07122177884664732,49.048898763862105,46.54350032806396,44.03810189226582
2023-02-23,47.5099983215332,6284600,55.23253793818259,0.5207856601758039,0.4718106518654266,0.048975008310377266,49.09232048489792,46.67250022888184,44.25267997286576
2023-02-24,47.16999816894531,5704900,52.38969440998667,0.47989113883876655,0.47342674926009465,0.006464389578671903,48.96715481940308,46.81650009155273,44.66584536370239
2023-02-27,46.540000915527344,9168800,46.51163674890881,0.3921262356514532,0.45716664653836636,-0.06504041088691315,48.68939523321142,46.93650016784668,45.18360510248194
2023-02-28,46.43000030517578,8018500,48.865608624823,0.31012090685099736,0.4277574986008926,-0.11763659174989527,48.38859748842684,47.03300018310547,45.677402877784104
2023-03-01,46.150001525878906,8102200,47.058831072079315,0.2200014912731021,0.38620629713533455,-0.16620480586223246,48.16209179898614,47.08850021362305,46.01490862825996
2023-03-02,46.459999084472656,7355100,51.06730291007445,0.17161712201843926,0.3432884621119555,-0.17167134009351626,48.12103835503448,47.03450012207031,45.947961889106146
2023-03-03,46.529998779296875,5755400,43.238052887078176,0.13733741096991992,0.3020982518835484,-0.16476084091362847,48.12211033603332,47.0125,45.90288966396668
2023-03-06,47.189998626708984,7112300,43.77357648588092,0.161564549275667,0.27399151136197214,-0.11242696208630515,48.13772934160002,47.02649993896485,45.91527053632967
2023-03-07,46.54999923706055,7032200,42.181801788055125,0.12765065163127787,0.2447233394158333,-0.11707268778455543,48.13734025945168,47.00599994659424,45.87465963373679
2023-03-08,46.79999923706055,5304700,42.28671756169123,0.11956824576595437,0.21969232068585753,-0.10012407491990316,48.13441453426981,47.01799983978272,45.90158514529563
2023-03-09,46.7400016784668,6671700,43.79698021587506,0.10708714537662445,0.19717128562401093,-0.09008414024738648,48.127978210445015,47.02999992370606,45.9320216369671
2023-03-10,46.61000061035156,7987400,34.728014773599696,0.08571768356522824,0.1748805652122544,-0.08916288164702615,48.111103630021496,47.0439998626709,45.976896095320306
2023-03-13,46.68000030517578,10962400,40.99525873563271,0.07358240927088389,0.1546209340239803,-0.08103852475309642,48.09080930251941,47.01599979400635,45.941190285493285
2023-03-14,46.7400016784668,9327900,44.97489291509598,0.068022604097429,0.13730126803867004,-0.06927866394124105,47.96640777097777,46.960499954223636,45.954592137469504
2023-03-15,46.869998931884766,8897600,41.44383608590639,0.07326159628151885,0.1244933336872398,-0.051231737405720956,47.91735379968724,46.93349990844727,45.94964601720729
2023-03-16,46.16999816894531,13617300,37.80485081709136,0.020690813099740524,0.10373282956973996,-0.08304201646999944,47.83906893896522,46.85949974060058,45.87993054223595
2023-03-17,45.31999969482422,32421700,35.879589566077385,-0.08853906126715572,0.06527845140236084,-0.15381751266951654,47.91802756142585,46.75549964904785,45.592971736669845
2023-03-20,46.06999969482422,14074200,46.37095533720136,-0.11327997068546836,0.029566766984795,-0.14284673767026335,47.67751909117632,46.655499649047854,45.63348020691939
2023-03-21,46.20000076293945,14067400,50.51974326498857,-0.12100247866286651,-0.0005470821447373028,-0.1204553965181292,47.564299601847296,46.593499755859376,45.62269990987146
2023-03-22,45.150001525878906,10883600,38.198210458740064,-0.2094345539244884,-0.04232457650068752,-0.16710997742380088,47.623850279872826,46.4939998626709,45.36414944546897
2023-03-23,43.459999084472656,15549800,28.59134951999711,-0.4111472343820992,-0.11608910807696987,-0.29505812630512934,47.97212963853264,46.29149990081787,44.610870163103094
2023-03-24,43.970001220703125,10444800,27.065547036790093,-0.5238148650768721,-0.19763425947695035,-0.3261806055999218,48.052138674658075,46.13150005340576,44.21086143215344
2023-03-27,44.290000915527344,9624200,33.13434280459927,-0.5805907839534399,-0.27422556437224826,-0.3063652195811916,48.09610185560503,46.01900005340576,43.941898251206496
2023-03-28,44.36000061035156,8796700,31.28835540338372,-0.612872901047929,-0.3419550317073844,-0.2709178693405446,48.10938076961885,45.91550006866455,43.72161936771025
2023-03-29,44.52000045776367,7530500,33.232626135621075,-0.6184173308748484,-0.3972474915408772,-0.22116983933397122,48.110741341854215,45.83400001525879,43.55725868866336
2023-03-30,44.5,6862400,33.79416345650134,-0.6173092445394914,-0.44125984214060004,-0.17604940239889139,48.06736374417625,45.736000061035156,43.404636377894064
2023-03-31,44.619998931884766,7711500,34.29877330759189,-0.599833658177225,-0.47297460534792507,-0.12685905282929993,47.99131576335382,45.64050006866455,43.289684373975284
2023-04-03,44.97999954223633,8385800,37.17199723295453,-0.5505882508490885,-0.4884973344481578,-0.062090916400930674,47.77973455073382,45.53000011444092,43.28026567814801
2023-04-04,44.45000076293945,7379600,33.333350848007996,-0.5480102616800835,-0.5003999198945429,-0.04761034178554058,47.670308732199864,45.42500019073486,43.17969164926986
2023-04-05,44.43000030517578,7865800,36.77813541359887,-0.5413408165210711,-0.5085880992198486,-0.032752717301222534,47.49572059410397,45.30650024414062,43.11727989417727
2023-04-06,44.43000030517578,6337200,42.23386676927952,-0.529946341635565,-0.5128597477029919,-0.017086593932573058,47.30420565938738,45.19100017547608,43.077794691564776
2023-04-10,44.5,6197300,34.45545795979538,-0.5093957507092526,-0.5121669483042441,0.002771197594991559,47.10920657318961,45.085500144958495,43.06179371672738
2023-04-11,45.09000015258789,6553500,39.927403085265034,-0.4404242413644255,-0.49781840691628043,0.05739416555185495,46.8857692203636,45.0060001373291,43.12623105429461
2023-04-12,44.83000183105469,6124100,46.61017360100863,-0.4021082612152682,-0.478676377776078,0.0765681165608098,46.60420894765452,44.9105001449585,43.216791342262475
2023-04-13,44.970001220703125,4844200,73.81708215201999,-0.3563381458419457,-0.45420873138925155,0.09787058554730588,46.237840101941515,44.815500259399414,43.39316041685731
2023-04-14,45.029998779296875,6262400,69.48529514887171,-0.3116314052389413,-0.4256932661591895,0.11406186092024823,46.036315495990685,44.758500289916995,43.480685083843305
2023-04-17,45.439998626708984,6707000,70.46263828308375,-0.2403468610385957,-0.3886239851350708,0.1482771240964751,46.054485466398425,44.76450023651123,43.47451500662404
2023-04-18,46.13999938964844,6364800,75.87211429914812,-0.1259176346523958,-0.3360827150385358,0.21016508038614,46.07318970780345,44.76800022125244,43.462810734701435
2023-04-19,46.459999084472656,5103000,76.9444653428941,-0.009303106874924083,-0.2707267934058135,0.26142368653088943,46.14987003045471,44.7810001373291,43.412130244203496
2023-04-20,45.9900016784668,7371200,68.39512056823095,0.04467489938758007,-0.20764645484713481,0.2523213542347149,46.287730435515414,44.8230001449585,43.358269854401584
2023-04-21,46.150001525878906,9082900,68.7042223832668,0.0992197650633031,-0.14627321086504724,0.24549297592835034,46.38889050266432,44.957500267028806,43.526110031393294
2023-04-24,46.66999816894531,6552900,69.8823903226704,0.1823048505517093,-0.08055759858169595,0.2628624491334053,46.63660033298023,45.09250011444092,43.5483998959016
2023-04-25,46.9900016784668,7510500,81.4357071365173,0.27084980033433936,-0.010276118798488887,0.28112591913282825,46.939204324549195,45.22750015258789,43.51579598062659
2023-04-26,46.689998626708984,8936800,76.15741292636126,0.3132041494502076,0.054419934851250414,0.2587842145989572,47.12294562292218,45.344000053405765,43.56505448388935
2023-04-27,47.189998626708984,10977600,78.63071245468065,0.3827045181369968,0.1200768515083997,0.2626276666285971,47.39167785325043,45.47749996185303,43.56332207045563
2023-04-28,47.5099983215332,11070400,79.68442571454153,0.45832211007829926,0.18772590322237961,0.2705962068559197,47.686456359526936,45.62799987792969,43.56954339633244
2023-05-01,47.779998779296875,8844000,78.31579775824116,0.5338821162347855,0.25695714582486084,0.2769249704099247,47.99805574063143,45.785999870300294,43.57394399996916
2023-05-02,47.18000030517578,7606400,73.08448099095264,0.5391342984362169,0.313392576347132,0.22574172208908483,48.157543796088795,45.895999908447266,43.634456020805736
2023-05-03,46.529998779296875,6536100,63.92855342553096,0.4852533018180978,0.3477647214413252,0.13748858037677258,48.17105243010854,45.999999809265134,43.82894718842173
2023-05-04,46.130001068115234,7333200,59.2592806660951,0.405600244295762,0.3593318260122126,0.04626841828354944,48.12648959223333,46.08499984741211,44.043510102590886
2023-05-05,46.689998626708984,5962300,60.262731951272066,0.38324394755729685,0.36411425032122946,0.01912969723606739,48.099140817752264,46.19799976348877,44.29685870922527
2023-05-08,46.61000061035156,4434200,54.29617706910956,0.3549792699182248,0.3622872542406286,-0.00730798432240376,48.03445867558807,46.30349979400635,44.57254091242463
2023-05-09,46.439998626708984,4401700,49.81202562732816,0.3152278198543712,0.3528753673633771,-0.037647547509005896,48.005300749301384,46.3709997177124,44.73669868612342
2023-05-10,45.939998626708984,8391800,49.53268162598843,0.24060514165785918,0.33042132222227355,-0.08981618056441437,47.90877711892016,46.42649955749512,44.94422199607008
2023-05-11,45.66999816894531,6437300,45.604364126189644,0.1578596434012951,0.2959089864580779,-0.1380493430567828,47.827465753623265,46.46149940490723,45.095533056191194
2023-05-12,45.66999816894531,5599600,39.87854751226262,0.0912315790304703,0.2549735049725564,-0.1637419259420861,47.74331237237106,46.49349937438965,45.24368637640824
2023-05-15,45.560001373291016,4920100,34.88370405019597,0.029215754824143403,0.2098219549428738,-0.1806062001187304,47.72900426240991,46.49949951171875,45.2699947610276
2023-05-16,45.09000015258789,6163600,33.67346462136358,-0.057198059579626204,0.15641795203837383,-0.21361601161800003,47.82217895348039,46.44699954986572,45.071820146251056
2023-05-17,45.34000015258789,6316200,30.107517178465713,-0.10430634084092816,0.10427309346251344,-0.2085794343034416,47.85246038365897,46.39099960327148,44.92953882288399
2023-05-18,45.06999969482422,6580100,23.47824500502132,-0.16156436021665144,0.051105602726680466,-0.2126699629433319,47.91359206128507,46.34499950408936,44.776406946893644
2023-05-19,45.29999923706055,6555000,22.806985255672913,-0.1862359006862775,0.0036373020440888804,-0.18987320273036637,47.937972509790626,46.30249938964844,44.66702626950625
2023-05-22,44.93000030517578,6472700,24.018440958450583,-0.23295869304860872,-0.04368189697445064,-0.1892767960741581,47.95073722066586,46.21549949645996,44.48026177225407
2023-05-23,44.93000030517578,6167800,28.2608470303352,-0.2669100694800761,-0.08832753147557573,-0.17858253800450039,47.8979942915662,46.11249942779541,44.32700456402463
2023-05-24,44.95000076293945,5400500,32.121182696509194,-0.28887296242408667,-0.12843661766527792,-0.16043634475880875,47.861369026492525,46.025499534606936,44.18963004272135
2023-05-25,44.66999816894531,6859500,16.556288881169678,-0.3251247468735059,-0.16777424350692352,-0.15735050336658238,47.744737220543165,45.89949951171875,44.05426180289434
2023-05-26,44.61000061035156,5498700,16.666666666666657,-0.35460814680718045,-0.2051410241669749,-0.14946712264020554,47.5209642562102,45.75449962615967,43.98803499610914
2023-05-30,44.31999969482422,9183000,16.02564651193498,-0.39680053435503737,-0.2434729262045874,-0.15332760815044996,47.18271307197522,45.58149967193604,43.98028627189685
2023-05-31,44.41999816894531,11075000,22.05878846782258,-0.417358218579686,-0.27824998467960715,-0.13910823390007887,46.936744111077864,45.44349956512451,43.95025501917116
2023-06-01,44.58000183105469,8763200,29.11884898479383,-0.4159446224212644,-0.3057889122279386,-0.11015571019332582,46.79451801264126,45.3459997177124,43.89748142278354
2023-06-02,45.33000183105469,7207400,44.940531605215234,-0.35026793457724636,-0.3146847166978002,-0.03558321787944618,46.70675690578048,45.305999755859375,43.90524260593827
2023-06-05,44.63999938964844,6880600,38.3248664616028,-0.3498631125372498,-0.3217203958656901,-0.028142716671559653,46.47157347497166,45.20349979400635,43.93542611304103
2023-06-06,44.65999984741211,7368600,43.83954687151596,-0.34396342214257203,-0.3261690011210665,-0.017794421021505524,46.207680202745316,45.10599975585937,44.00431930897343
2023-06-07,45.099998474121094,8768100,46.73911128019231,-0.30032174096036357,-0.320999549088926,0.020677808128562403,45.94462858948074,45.03899974822998,44.13337090697922
2023-06-08,45.36000061035156,5804100,53.95095990936211,-0.2419661594691931,-0.3051928711649794,0.06322671169578631,45.826951792209414,45.00999984741211,44.19304790261481
2023-06-09,45.220001220703125,6689900,48.88271103074449,-0.20465656790852904,-0.28508561051368936,0.08042904260516032,45.750951678434994,44.9875,44.224048321565
2023-06-12,45.529998779296875,6512200,58.52269525374208,-0.14836398787592486,-0.2577412859861365,0.10937729811021163,45.71978829331457,44.980500030517575,44.24121176772058
2023-06-13,45.7599983215332,9106700,61.066628960541834,-0.0842218151036036,-0.22303739180962995,0.13881557670602634,45.7672535453273,44.990499877929686,44.21374621053207
2023-06-14,43.95000076293945,11941300,40.974730733371985,-0.1773954529036672,-0.21390900402843743,0.03651355112477023,45.83655354762391,44.93349990844727,44.03044626927063
2023-06-15,44.150001525878906,8484400,45.23812518077895,-0.23241866435977698,-0.21761093609470536,-0.014807728265071624,45.82006944577136,44.873999977111815,43.92793050845227
2023-06-16,44.06999969482422,13661200,45.07298736556333,-0.27926128476583045,-0.2299410058289304,-0.04932027893690005,45.830241122463335,44.82399997711182,43.8177588317603
2023-06-20,43.470001220703125,8033300,42.659772541299525,-0.3606420048455732,-0.256081205632259,-0.10456079921331418,45.879465739271375,44.732500076293945,43.585534413316516
2023-06-21,43.95000076293945,6838400,46.191270219589235,-0.38200138609893486,-0.2812652417255942,-0.10073614437334066,45.87770077720352,44.683500099182126,43.48929942116073
2023-06-22,43.7599983215332,5022500,43.38706928535347,-0.40953954182444363,-0.3069201017453641,-0.10261944007907953,45.88136865456024,44.625,43.36863134543976
2023-06-23,43.41999816894531,8942100,33.50601588863984,-0.45357042196598485,-0.3362501657894883,-0.11732025617649655,45.90396086795855,44.54849987030029,43.19303887264203
2023-06-26,44.2599983215332,9001200,46.80133707096687,-0.41589009740358307,-0.3521781521123073,-0.06371194529127577,45.88811754042063,44.52799987792969,43.167882215438745
2023-06-27,44.34000015258789,6313100,47.33333587646485,-0.3752470748571284,-0.35679193666127157,-0.018455138195856813,45.876549010147656,44.51449985504151,43.15245069993536
2023-06-28,44.5,7261100,44.75525921262531,-0.32636441039205266,-0.3507064314074278,0.024342021015375137,45.88251305387555,44.52349987030029,43.164486686725034
2023-06-29,44.970001220703125,6380400,46.711641065953735,-0.24685379914090788,-0.32993590495412384,0.08308210581321596,45.92338792595155,44.55100002288818,43.17861211982481
2023-06-30,45.29999923706055,9046700,50.65357867907981,-0.1554213839026275,-0.2950330007438246,0.1396116168411971,45.99977018762311,44.58699989318848,43.17422959875384
2023-07-03,45.91999816894531,6144000,53.03265451896255,-0.0325565126236782,-0.24253770311979533,0.20998119049611713,46.116538115734265,44.616499710083005,43.116461304431745
2023-07-05,45.97999954223633,8868500,51.75719764878229,0.06886258738872186,-0.18025764501809188,0.24912023240681375,46.30291136034728,44.6834997177124,43.06408807507752
2023-07-06,46.09000015258789,8983000,73.46487889186517,0.15631221486365376,-0.11294367304174274,0.2692558879053965,46.49204459256776,44.75499973297119,43.01795487337463
2023-07-07,45.97999954223633,8393500,70.46975341039524,0.21427056701837444,-0.047500825029719314,0.26177139204809374,46.615600041770264,44.79899978637695,42.98239953098364
2023-07-10,44.95000076293945,11674700,58.11808806316911,0.1750725577709744,-0.00298614846958057,0.17805870624055498,46.577613476039836,44.77849979400635,42.979386111972865
2023-07-11,45.63999938964844,7238200,69.69144580431926,0.1974093633941436,0.03709295390316427,0.16031640949097933,46.629845416971165,44.799499702453616,42.96915398793607
2023-07-12,45.689998626708984,5320600,67.12595705313241,0.21664857345252386,0.0730040778130362,0.14364449563948767,46.65262786038391,44.807499694824216,42.96237152926452
2023-07-13,45.58000183105469,5923900,68.20004898075027,0.22047842585686084,0.10249894742180113,0.11797947843505971,46.62573541410853,44.79849987030029,42.97126432649205
2023-07-14,45.4900016784668,4860400,71.78952812558475,0.21378694846457336,0.12475654763035558,0.08903040083421777,46.681856825739125,44.87549991607666,43.0691430064142
2023-07-17,45.380001068115234,4483400,63.930394052863015,0.1973330420070738,0.13927184650569924,0.05806119550137456,46.72299356670166,44.93699989318848,43.151006219675295
2023-07-18,45.38999938964844,5331500,63.2911526876279,0.1829905820614499,0.14801559361684938,0.034974988444600535,46.75125150975173,45.00299987792969,43.254748246107646
2023-07-19,45.380001068115234,6104300,61.578986994865204,0.168870662357115,0.1521866073649025,0.01668405499221251,46.696357840557,45.098499870300294,43.50064190004359
2023-07-20,45.65999984741211,6617800,59.55679636324058,0.17821968016963297,0.1573932219258486,0.020826458243784374,46.70421380693619,45.18399982452392,43.66378584211166
2023-07-21,45.599998474121094,6405900,54.4910165962545,0.1787269813822192,0.16165997381712274,0.017067007565096465,46.648932512788996,45.27599983215332,43.90306715151764
2023-07-24,45.599998474121094,4998300,44.11763880902627,0.17708766488060235,0.16474551202981866,0.012342152850783689,46.44886544745501,45.38499984741211,44.32113424736921
2023-07-25,45.459999084472656,6464700,40.71424970810667,0.16261716457398023,0.164319842538651,-0.0017026779646707735,46.36770687923081,45.444999885559085,44.52229289188736
2023-07-26,45.560001373291016,4933900,40.501791134567526,0.15740408150929852,0.16293669033278052,-0.005532608823481999,46.26852686970112,45.50599994659424,44.743473023487354
2023-07-27,45.599998474121094,4551900,43.014659992791316,0.154716630382282,0.16129267834268085,-0.006576047960398845,46.15892165953084,45.56099987030029,44.963078081069746
2023-07-28,45.4900016784668,5906000,65.00012715743787,0.1420732518643959,0.15744879304702386,-0.015375541182627961,46.118218161201895,45.58699989318848,45.05578162517506
2023-07-31,45.41999816894531,8667200,40.6778565147675,0.12496407703112311,0.15095184984384374,-0.025987772812720633,46.113165044589934,45.59299983978271,45.07283463497549
2023-08-01,45.18000030517578,9902800,31.386804405028755,0.09099023209430612,0.13895952629393624,-0.047969294199630114,46.08345203626771,45.55599994659424,45.028547856920774
2023-08-02,44.56999969482422,11431300,22.994524773157522,0.014674604242898681,0.11410254188372873,-0.09942793764083005,46.1367324648373,45.485499954223634,44.83426744360997
2023-08-03,44.29999923706055,9885200,20.975485398050594,-0.06682257209183717,0.07791751908861556,-0.14474009118045272,46.17659067870085,45.395999908447266,44.615409138193684
2023-08-04,44.0,8076200,19.19632289454549,-0.15384368844905083,0.03156527758108228,-0.18540896603013313,46.249118845639245,45.29699993133545,44.34488101703165
2023-08-07,44.119998931884766,7874300,22.978652256276803,-0.210696856972298,-0.01688714932959378,-0.19380970764270422,46.33511939324096,45.255499839782715,44.17588028632447
2023-08-08,44.2400016784668,6105200,26.829272074854927,-0.24326596526776,-0.06216291251722703,-0.18110305275053298,46.33915722689298,45.18549995422363,44.03184268155428
2023-08-09,44.09000015258789,5412300,16.309045900759017,-0.27797674488254387,-0.10532567899029041,-0.17265106589225346,46.33149010407613,45.105500030517575,43.87950995695902
2023-08-10,43.91999816894531,6597900,15.573798684243442,-0.315565385784339,-0.14737362034910012,-0.1681917654352389,46.3349485418979,45.02249984741211,43.71005115292631
2023-08-11,43.72999954223633,7162200,14.448703946251953,-0.3565755745384891,-0.18921401118697792,-0.16736156335151117,46.34715652725898,44.934499740600586,43.52184295394219
2023-08-14,43.529998779296875,7032500,14.126420937989238,-0.40059700180784574,-0.2314906093111515,-0.16910639249669424,46.369441400692445,44.84199962615967,43.314557851626894
2023-08-15,43.06999969482422,6830900,9.180290142194437,-0.4672165996912483,-0.27863580738717086,-0.18858079230407743,46.42136064107315,44.725999641418454,43.03063864176376
2023-08-16,42.75,6908600,7.207253648589827,-0.5396140768258562,-0.3308314612749079,-0.20878261555094824,46.47423606460581,44.594499588012695,42.71476311141958
2023-08-17,42.56999969482422,7100000,7.058861808320728,-0.6045452974800938,-0.38557422851594514,-0.21897106896414864,46.454138956180884,44.4399995803833,42.42586020458572
2023-08-18,42.90999984741211,6897600,15.80385606437791,-0.6214054120599712,-0.4327404652247504,-0.18866494683522084,46.35247918964663,44.30549964904785,42.258520108449076
2023-08-21,42.72999954223633,5443400,16.06651302226153,-0.6418923590860288,-0.4745708439970061,-0.1673215150890227,46.2291728840684,44.16199970245361,42.09482652083883
2023-08-22,42.77000045776367,6846100,20.394795455999912,-0.6474374170947428,-0.5091441586165535,-0.1382932584781893,46.08911786042019,44.027499771118165,41.96588168181614
2023-08-23,43.119998931884766,6649000,31.08975534607343,-0.616483525381426,-0.530612031969528,-0.08587149341189804,45.871853178379546,43.905499649047854,41.93914611971616
2023-08-24,43.400001525878906,8305400,40.3226243096642,-0.5628700582745196,-0.5370636372305264,-0.025806421043993222,45.60240452441663,43.79549980163574,41.98859507885486
2023-08-25,43.66999816894531,7007100,43.07691946537961,-0.4929125377806187,-0.528233417340545,0.035320879559926244,45.32587595036073,43.70449962615967,42.0831233019586
2023-08-28,43.970001220703125,5071000,46.064137996229796,-0.4085534103271655,-0.5042974159378691,0.09574400561070362,45.046921901666025,43.631999778747556,42.21707765582909
2023-08-29,44.220001220703125,8079200,51.841373549362466,-0.3178611775892506,-0.46701016826814545,0.14914899067889487,44.83324229561131,43.58399982452393,42.334757353436544
2023-08-30,44.52000045776367,5765300,58.196752921214,-0.2192520968172289,-0.41745855397796217,0.19820645716073326,44.822607900290436,43.581499862670896,42.340391825051356
2023-08-31,44.220001220703125,7383700,56.49869521179662,-0.16342723367797873,-0.3666522899179655,0.20322505623998677,44.80933908019667,43.57749996185303,42.345660843509386
2023-09-01,44.11000061035156,6657800,57.88045900755684,-0.12660236413905324,-0.318642304762183,0.1920399406231298,44.82373210355938,43.5829999923706,42.342267881181826
2023-09-05,44.09000015258789,9267900,65.74073965057863,-0.09790368675335515,-0.2744945811604174,0.17659089440706227,44.81956842332502,43.58150005340576,42.3434316834865
2023-09-06,43.529998779296875,10108400,61.20686820233661,-0.11897573069656886,-0.2433908110676477,0.12441508037107885,44.74465581412353,43.545999908447264,42.347344002770996
2023-09-07,43.720001220703125,7395700,66.47564062766426,-0.11897242813879672,-0.21850713448187753,0.09953470634308081,44.701981360202005,43.527499961853025,42.353018563504044
2023-09-08,44.08000183105469,6833900,66.66666666666666,-0.08889603211092378,-0.1925849140076868,0.10368888189676301,44.723342465779,43.5355001449585,42.347657824138
2023-09-11,44.459999084472656,9566100,73.31533949236804,-0.03400567276102606,-0.16086906575835466,0.1268633929973286,44.82791898115869,43.572000122070314,42.31608126298194
2023-09-12,44.869998931884766,7754900,75.73526386847529,0.042093664104513095,-0.12027651978578112,0.16237018389029423,45.02202386774261,43.63900012969971,42.25597639165681
2023-09-13,44.75,8929000,71.1688324556232,0.09166338743451519,-0.07788853834172187,0.16955192577623707,45.163396567044515,43.7230001449585,42.28260372287248
2023-09-14,44.099998474121094,9764000,58.29380030517569,0.07760349467498173,-0.04679013173838115,0.12439362641336288,45.163878344051376,43.79050006866455,42.41712179327772
2023-09-15,43.529998779296875,28860900,48.451335649156206,0.020233477744355355,-0.03338540984183385,0.053618887586189205,45.09434591620004,43.838500022888184,42.582654129576326
2023-09-18,43.349998474121094,7971900,42.95451668669382,-0.039304120864819936,-0.034569152046431066,-0.00473496881838887,45.06210401893025,43.860499954223634,42.65889588951702
2023-09-19,43.060001373291016,8771800,36.936934614865805,-0.10863614923322018,-0.049382551483788895,-0.059253597749431286,45.0209194665366,43.87700004577637,42.73308062501614
2023-09-20,43.040000915527344,5843800,32.21154331102896,-0.16331357379662848,-0.07216875594635681,-0.09114481785027166,44.98470439284205,43.89050006866455,42.796295744487054
2023-09-21,42.90999984741211,7066100,33.58394959630195,-0.2146613440729297,-0.1006672735716714,-0.11399407050125829,45.00881863426408,43.88000011444092,42.751181594617755
2023-09-22,42.33000183105469,8177200,30.044852638043324,-0.2987124435250479,-0.1402763075623467,-0.15843613596270117,45.13778310987302,43.82650012969971,42.5152171495264
2023-09-25,42.09000015258789,6711200,28.63248002582256,-0.38030574714984766,-0.18828219547984693,-0.19202355167000074,45.27159230561014,43.74750022888183,42.223408152153524
2023-09-26,41.900001525878906,6163700,31.090508390568573,-0.45505474161159043,-0.24163670470619564,-0.2134180369053948,45.37197861611494,43.64400024414063,41.91602187216632
2023-09-27,41.90999984741211,6523000,28.08711563169362,-0.507635372687389,-0.29483643830243433,-0.21279893438495467,45.397428598547314,43.528500175476076,41.65957175240484
2023-09-28,42.13999938964844,5673700,25.7499232290711,-0.5246984634921645,-0.34080884334038036,-0.18388962015178417,45.31532969739878,43.40950012207031,41.503670546741844
2023-09-29,42.04999923706055,5795500,17.520176278310785,-0.5392670116112726,-0.3805004769945588,-0.15876653461671375,45.25891354462998,43.30100002288818,41.34308650114638
2023-10-02,41.58000183105469,7243200,6.3660031914000115,-0.5820282938177499,-0.42080604035919705,-0.16122225345855284,45.23649087404313,43.17450008392334,41.112509293803555
2023-10-03,41.130001068115234,8813800,5.853614058201202,-0.6447954185864475,-0.4656039160046471,-0.1791915025818004,45.23174911714439,43.026500129699706,40.82125114225502
2023-10-04,41.650001525878906,7765800,19.143565450509755,-0.6451423269045833,-0.5015115981846343,-0.14363072871994897,45.20658089058245,42.93250026702881,40.65841964347516
2023-10-05,41.9900016784668,7151400,29.41177070573032,-0.6109395525667054,-0.5233971890610486,-0.0875423635056568,45.12555951130412,42.846000289916994,40.56644106852987
2023-10-06,42.06999969482422,10045500,32.417559384700525,-0.5707986248994956,-0.532877476228738,-0.037921148670757576,44.97261846979346,42.74550018310547,40.51838189641748
2023-10-09,42.70000076293945,6276300,45.47737441198008,-0.4825878570496158,-0.5228195523929136,0.040231695343297735,44.73332347005897,42.65750026702881,40.58167706399865
2023-10-10,42.4900016784668,10771100,43.40527599875222,-0.4247293435975479,-0.5032015106338404,0.07847216703629256,44.334263572865545,42.53850040435791,40.74273723585028
2023-10-11,42.560001373291016,6706000,45.74210374880501,-0.36897435776053555,-0.4763560800591795,0.10738172229864396,43.89349697916499,42.42900047302246,40.96450396687993
2023-10-12,42.2400016784668,7764200,48.83116522814398,-0.34661388174588126,-0.4504076403965199,0.10379375865063867,43.57212951419446,42.33600063323975,41.09987175228504
2023-10-13,42.65999984741211,5753800,57.071972041899286,-0.2916408470977956,-0.4186542817367751,0.12701343463897952,43.406957685413786,42.29250068664551,41.178043687877235
2023-10-16,42.869998931884766,7417200,61.975301432351145,-0.2284951995711566,-0.3806224653036514,0.1521272657324948,43.305018268194075,42.26850070953369,41.231983150873305
2023-10-17,43.189998626708984,5318000,64.67890871484741,-0.1508911388213363,-0.3346762000071884,0.18378506118585208,43.33380737144298,42.27500057220459,41.2161937729662
2023-10-18,43.119998931884766,5026400,61.66668029060775,-0.09395470062644051,-0.2865319001310388,0.19257719950459828,43.35050388800202,42.279000473022464,41.20749705804291
2023-10-19,42.61000061035156,6791500,56.060632332675254,-0.08895929805328961,-0.24701737971548898,0.15805808166219937,43.3063126023051,42.264000511169435,41.22168842003377
2023-10-20,42.709999084472656,6143000,63.29410919927117,-0.0760546536794493,-0.21282483450828105,0.13677018082883174,43.3440631489402,42.28300037384033,41.22193759874046
2023-10-23,42.130001068115234,5989400,61.41555215696384,-0.11134510564664168,-0.1925288887359532,0.08118378308931151,43.34468132579099,42.2850004196167,41.225319513442415
2023-10-24,42.540000915527344,6477400,60.42156533422909,-0.10501888952371274,-0.17502688889350512,0.07000799936979238,43.36633184068569,42.31700038909912,41.26766893751255
2023-10-25,42.81999969482422,6894400,59.85748756595323,-0.07652957097040058,-0.15532742530888421,0.07879785433848363,43.41643159136244,42.36250038146973,41.30856917157702
2023-10-26,39.2599983215332,22791500,31.729488537292553,-0.33732546147213327,-0.19172703254153403,-0.14559842893059924,43.96190620586489,42.21850032806397,40.47509445026304
2023-10-27,39.29999923706055,14405900,26.05629640773256,-0.5346176050827296,-0.26030514704977314,-0.27431245803295645,44.25977764141568,42.081000328063965,39.90222301471225
2023-10-30,40.25,10301400,35.71426138583608,-0.6073151769068872,-0.32970715302119596,-0.2776080238856912,44.33428710169481,42.01450023651123,39.69471337132765
2023-10-31,40.16999816894531,14571000,34.77703929723995,-0.6637329057204084,-0.3965123035610385,-0.26722060215936994,44.40027435537742,41.96650009155273,39.532725827728044
2023-11-01,39.900001525878906,9527200,34.99998288275026,-0.7219091159958921,-0.4615916660480093,-0.26031744994788286,44.48072387333655,41.87900009155273,39.277276309768915
2023-11-02,40.66999816894531,8319000,37.791385888224085,-0.6978376497734331,-0.508840862793094,-0.18899678698033906,44.4692669983058,41.81299991607666,39.15673283384753
2023-11-03,40.66999816894531,7991000,36.1460752053525,-0.6710256731060014,-0.5412778248556755,-0.12974784825032581,44.44415901596824,41.74299983978271,39.041840663597185
2023-11-06,40.540000915527344,8741500,32.9032153269348,-0.6527422737320236,-0.5635707146309452,-0.08917155910107843,44.34775005142359,41.63499984741211,38.92224964340063
2023-11-07,40.5099983215332,5770600,33.073907243875695,-0.6333723840142582,-0.5775310485076078,-0.05584133550665038,44.26185616754093,41.53599967956543,38.81014319158993
2023-11-08,40.20000076293945,7776100,33.95470816005901,-0.6357077755589415,-0.5891663939178746,-0.046541381641066915,44.16147911706737,41.41799964904785,38.67452018102833
2023-11-09,40.11000061035156,10842100,32.66665920680664,-0.6374724645760708,-0.5988276080495138,-0.038644856526556914,44.08582007121867,41.31149959564209,38.53717912006551
2023-11-10,40.02000045776367,12271600,34.95005517982965,-0.6387699115671452,-0.6068160687530402,-0.03195384281410507,43.93482343886032,41.17949962615967,38.424175813459016
2023-11-13,40.0,11639600,30.8156889048699,-0.6341024787855503,-0.6122733507595423,-0.021829128026008005,43.7186017552403,41.03599967956543,38.353397603890556
2023-11-14,40.220001220703125,12681100,30.182931084211788,-0.6056694642278018,-0.6109525734531942,0.005283109225392435,43.390877687209446,40.88749980926514,38.38412193132083
2023-11-15,40.75,9460300,71.10486974357201,-0.5342115648528676,-0.595604371733129,0.061392806880261386,43.041109381767505,40.768999862670896,38.496890343574286
2023-11-16,40.70000076293945,10810000,69.77407035435803,-0.47612669320093914,-0.5717088360266911,0.09558214282575195,42.77386876366931,40.67349987030029,38.57313097693127
2023-11-17,40.81999969482422,6658700,60.516632695577755,-0.4156200932868188,-0.5404910874787167,0.12487099419189784,42.451256537169414,40.57899990081787,38.706743264466326
2023-11-20,40.84000015258789,6399800,62.641594175151404,-0.361882748081932,-0.5047694195993597,0.14288667151742773,42.24531649990116,40.51449985504151,38.783683210181856
2023-11-21,40.7599983215332,6271300,67.47964327859904,-0.32203873197327226,-0.46822328207414227,0.14618455010087,41.87854692024132,40.425499725341794,38.97245253044227
2023-11-22,41.189998626708984,8223300,62.264167918739716,-0.2528499345296993,-0.4251486125652537,0.17229867803555443,41.34367093449282,40.34399967193603,39.344328409379244
2023-11-24,41.470001220703125,3153700,66.66671964853944,-0.17342431724497942,-0.3748037535011989,0.20137943625621946,41.438101407938646,40.45449981689453,39.47089822585042
2023-11-27,41.439998626708984,6601700,69.56510922440802,-0.11161329334057513,-0.3221656614690741,0.21055236812849898,41.4797187572765,40.561499786376956,39.64328081547741
2023-11-28,41.81999969482422,7042800,74.71695723085206,-0.03160043107762789,-0.2640526153907849,0.232452184313157,41.703102858017395,40.63999977111816,39.57689668421893
2023-11-29,41.7599983215332,4839100,82.49982516037562,0.02666139340805529,-0.20590981363101685,0.23257120703907214,41.8689146455526,40.71949977874756,39.57008491194252
2023-11-30,42.040000915527344,8996700,87.25852632571183,0.09434067771508126,-0.14585971536179723,0.2402003930768785,42.050698738121994,40.82649974822998,39.60230075833796
2023-12-01,42.599998474121094,6697700,92.15670630532698,0.19096282049057578,-0.07849520819132264,0.2694580286818984,42.37780739917693,40.92299976348877,39.468192127800606
2023-12-04,42.5,6543600,89.80882821023066,0.2565106287695187,-0.011494040799154372,0.2680046695686731,42.62425201472321,41.01449985504151,39.4047476953598
2023-12-05,42.56999969482422,7271800,89.29756114986756,0.3105265724068573,0.05291008184204797,0.25761649056480934,42.85090888186354,41.11599979400635,39.38109070614916
2023-12-06,41.36000061035156,14833000,58.31062188822019,0.2527838483197016,0.0928848351375787,0.15989901318212288,42.872420851723376,41.15849990844727,39.44457896517116
2023-12-07,41.31999969482422,10658000,58.46991346074674,0.20147213848490253,0.11460229580704347,0.08686984267785906,42.868705686932216,41.2144998550415,39.56029402315079
2023-12-08,41.29999923706055,7965600,56.741549556113945,0.15737919952225354,0.1231576765500855,0.034221522972168045,42.844415230168266,41.273999786376955,39.70358434258564
2023-12-11,41.38999938964844,8174700,57.575728915441076,0.12821945382323463,0.12417003200471534,0.0040494218185192915,42.797912056685625,41.34249973297119,39.88708740925676
2023-12-12,41.36000061035156,7522100,58.37990701956467,0.10151924384364008,0.11963987437250029,-0.018120630528860204,42.72175384916939,41.41049976348877,40.099245677808156
2023-12-13,42.02000045776367,14063400,60.8923976491084,0.132092921928475,0.12213048388369524,0.009962438044779753,42.710918880236136,41.5004997253418,40.29008057044746
2023-12-14,42.11000061035156,12031600,58.839763868310854,0.1617208252278317,0.13004855215252253,0.031672273075309176,42.75394263806553,41.56849975585938,40.383056873653224
2023-12-15,41.75,23242200,53.92406725841141,0.15437260020381416,0.13491336176278088,0.019459238441033283,42.73536357647488,41.6209997177124,40.50663585894992
2023-12-18,42.20000076293945,9083800,54.72638090601896,0.18275370869351804,0.1444814311489283,0.03827227754458973,42.76576176518831,41.68999977111817,40.614237777048025
2023-12-19,42.439998626708984,12884600,58.09524761036291,0.22205208529021547,0.15999556197718576,0.062056523313029716,42.817201736204055,41.76999969482422,40.72279765344439
2023-12-20,40.29999923706055,13691300,35.64353568665565,0.07959870156593496,0.1439161898949356,-0.06431748832900064,42.90223689213661,41.746999740600586,40.591762589064565
2023-12-21,40.310001373291016,10097800,29.219620704050712,-0.03211929135711955,0.10870909364452457,-0.14082838500164413,43.005242111912146,41.702999877929685,40.40075764394722
2023-12-22,40.36000061035156,7586000,30.40293270621376,-0.11529305845317595,0.06390866322498447,-0.1792017216781604,43.07968397711669,41.64749984741211,40.215315717707526
2023-12-26,40.34000015258789,8488100,29.390022133706196,-0.18073928789758043,0.014979073000471486,-0.19571836089805192,43.138221892629744,41.59249992370606,40.04677795478237
2023-12-27,40.18000030517578,9285800,36.46788830287992,-0.24271863739375732,-0.03656046907837428,-0.20615816831538303,43.17485613139695,41.51049995422363,39.846143777050315
2023-12-28,40.18000030517578,7195700,36.80556168772109,-0.2885119324418355,-0.08695076175106653,-0.20156117069076895,43.1931408702278,41.43150005340576,39.669859236583726
2023-12-29,40.34000015258789,8069900,39.237676215956384,-0.3083384642962983,-0.1312283022601129,-0.1771101620361854,43.1481160062471,41.34650001525879,39.54488402427048
2024-01-02,41.58000183105469,12615200,51.693426209755295,-0.221440730409455,-0.14927078788998133,-0.07216994251947367,43.00300010399287,41.29550018310547,39.58800026221807
2024-01-03,41.400001525878906,9807100,50.34723004072983,-0.16519391788639837,-0.15245541388926476,-0.01273850399713361,42.852853348180524,41.24050025939941,39.6281471706183
2024-01-04,41.52000045776367,8894600,45.210729089325284,-0.10967078623921367,-0.14389848835925453,0.034227702120040865,42.682123415561165,41.18800029754639,39.69387717953161
2024-01-05,41.4900016784668,6125600,43.992258234312615,-0.06731301265624978,-0.12858139321865358,0.0612683805624038,42.69289908915458,41.19450035095215,39.696101612749715
2024-01-08,41.90999984741211,8563000,51.532566349822524,0.00014450448451697184,-0.10283621367801947,0.10298071816253644,42.755664650072866,41.22400035858154,39.69233606709022
2024-01-09,41.86000061035156,7414500,46.47302444811493,0.04900564567561361,-0.07246784180729286,0.12147348748290647,42.80976664492734,41.252000427246095,39.69423420956485
2024-01-10,41.060001373291016,11082800,37.17474016793185,0.02291109469885555,-0.053392054506063186,0.07630314920491874,42.79410273664657,41.235500526428225,39.67689831620988
2024-01-11,41.599998474121094,9499100,67.19578001075786,0.04528224263570735,-0.03365719507770908,0.07893943771341644,42.81381507311037,41.2475004196167,39.68118576612303
2024-01-12,41.34000015258789,7701700,62.77916924608922,0.04155285149372645,-0.018615185763421978,0.06016803725714843,42.73817827827225,41.21350040435791,39.68882253044357
2024-01-16,40.970001220703125,10541900,57.011516025270005,0.008641842767808328,-0.013163780057175917,0.021805622824984244,42.624234222862476,41.15650043487549,39.6887666468885
2024-01-17,40.7400016784668,6334400,54.385991329910134,-0.03558915994818079,-0.017648856035376893,-0.0179403039128039,42.55716167954716,41.10600051879883,39.6548393580505
2024-01-18,40.439998626708984,7832800,52.76594363167827,-0.09376937235935401,-0.03287295930017232,-0.06089641305918169,42.40171912418569,41.0180004119873,39.634281699788914
2024-01-19,40.33000183105469,7826700,51.559270685457335,-0.14705823618258762,-0.05571001467665539,-0.09134822150593223,42.1541782831331,40.91250057220459,39.670822861276086
2024-01-22,40.47999954223633,8186400,51.45833068423128,-0.175167263799608,-0.07960146450124592,-0.09556579929836209,42.14698919502547,40.92150058746338,39.696011979901286
2024-01-23,40.439998626708984,7957100,34.16656511764674,-0.19838475432452896,-0.10335812246590254,-0.09502663185862642,42.14114980436966,40.92800045013428,39.714851095898894
2024-01-24,39.93000030517578,9232100,31.297623230721143,-0.25499792777178243,-0.13368608352707853,-0.1213118442447039,42.17596857031108,40.90650043487549,39.6370322994399
2024-01-25,40.209999084472656,9566300,33.985254135324325,-0.27411093394442076,-0.16177105361054697,-0.11233988033387379,42.18294157018666,40.900000381469724,39.61705919275279
2024-01-26,40.20000076293945,7286200,34.15226230221141,-0.28675932700603823,-0.18676870828964523,-0.099990618716393,42.181607604109914,40.90100040435791,39.620393204605904
2024-01-29,40.529998779296875,8047400,32.66323470353072,-0.26707649602573014,-0.20283026583686223,-0.06424623018886791,42.16678010578351,40.91850032806396,39.67022055034442
2024-01-30,40.459999084472656,7127200,32.499914168984105,-0.2541958890496403,-0.21310339047941784,-0.04109249857022246,42.16218081898874,40.9245002746582,39.68681973032766
2024-01-31,40.119998931884766,12462700,36.723075563639966,-0.26832994545373623,-0.22414870147428154,-0.04418124397945469,42.09858194978385,40.85150012969971,39.60441830961557
2024-02-01,41.720001220703125,19419200,51.304380276317325,-0.14871023503322078,-0.2090610081860694,0.06035077315284862,42.15186622363784,40.867500114440915,39.58313400524399
2024-02-02,41.36000061035156,10856700,50.212771138120644,-0.08201438256617166,-0.18365168306208987,0.10163730049591821,42.128656698992025,40.859500122070315,39.590343545148606
2024-02-05,40.52000045776367,10440000,45.6479569211744,-0.09583371964240683,-0.16608809037815325,0.07025437073574642,42.05254283394402,40.81100006103516,39.5694572881263
2024-02-06,40.599998474121094,9818800,48.60554378131267,-0.09918710528168617,-0.15270789335885984,0.05352078807717367,41.87619154879397,40.745499992370604,39.61480843594724
2024-02-07,40.2599983215332,8046500,48.22133731791569,-0.1278065836353477,-0.14772763141415743,0.019921047778809736,41.68512839734143,40.66549987792969,39.64587135851795
2024-02-08,40.09000015258789,14659200,47.65622962728407,-0.16233387407177702,-0.15064887994568135,-0.011684994126095666,41.64981145144598,40.616999816894534,39.58418818234309
2024-02-09,40.11000061035156,8420600,46.29259145155137,-0.18593973320666635,-0.15770705059787835,-0.028232682608788,41.48802473457292,40.54249992370605,39.59697511283919
2024-02-12,40.54999923706055,7995200,51.02041538507268,-0.16721577531896514,-0.1596087955420957,-0.007606979776869444,41.371080167709,40.50299987792969,39.634919588150375
2024-02-13,40.22999954223633,7140200,52.88461185770866,-0.17616745604456696,-0.16292052764258996,-0.013246928401976998,41.31309823544551,40.46599979400635,39.61890135256719
2024-02-14,40.400001525878906,6044000,51.86643004035039,-0.16761186297724606,-0.1638587947095212,-0.0037530682677248683,41.28653798831369,40.44899978637695,39.611461584440214
2024-02-15,40.16999816894531,7833500,49.7174897718007,-0.1773465024322789,-0.16655633625407273,-0.010790166178206162,41.28230173597559,40.43549976348877,39.588697791001955
2024-02-16,40.18000030517578,7319000,46.493005121932576,-0.1821544227341363,-0.16967595355008547,-0.012478469184050822,41.28136758397336,40.42799968719483,39.57463179041629
2024-02-20,40.25,8768000,47.89580307315954,-0.1782614567426677,-0.17139305418860193,-0.006868402554065761,41.2731098662947,40.41649971008301,39.559889553871315
2024-02-21,40.470001220703125,6629000,53.59344781587334,-0.15562998764206526,-0.1682404408792946,0.012610453237229341,41.274888306819435,40.417999839782716,39.561111372746
2024-02-22,40.900001525878906,8211000,38.918936752397585,-0.10182319989802835,-0.15495699268304136,0.05313379278501301,41.31686969340432,40.46649990081787,39.616130108231424
2024-02-23,41.130001068115234,6808600,46.778721062557764,-0.0401589645367153,-0.13199738705377617,0.09183842251706087,41.40303297730304,40.5125,39.621967022696964
2024-02-26,40.709999084472656,8093100,53.01584610447408,-0.024893309150641585,-0.11057657147314927,0.08568326232250768,41.42002245704778,40.53799991607666,39.655977375105536
2024-02-27,40.900001525878906,4876300,54.601260016475706,0.0025075365107483094,-0.08795974987636976,0.09046728638711807,41.45321498421488,40.55650005340576,39.659785122596645
2024-02-28,40.9900016784668,5540700,62.12626226782383,0.031126358970297474,-0.06414252810703631,0.09526888707733379,41.49882940222753,40.58300018310547,39.66717096398341
2024-02-29,40.90999984741211,8394700,64.04102609658977,0.04681188452860141,-0.04195164557990877,0.08876353010851018,41.52225265715094,40.62250022888183,39.72274780061272
2024-03-01,40.86000061035156,9132300,62.711811805598664,0.05457910205772265,-0.022645496052382485,0.07722459811010514,41.327874085289004,40.57950019836426,39.83112631143951
2024-03-04,39.72999954223633,28577600,38.736313256648444,-0.03009999052048329,-0.024136394946002646,-0.005963595574480642,41.243502702692695,40.498000144958496,39.7524975872243
2024-03-05,39.939998626708984,12606000,45.89235464224117,-0.07934892536860616,-0.035178901030523346,-0.044170024338082814,41.25492738049321,40.469000053405765,39.68307272631832
2024-03-06,41.45000076293945,25872700,60.78024822875584,0.003425998941068542,-0.027457921036204973,0.030883919977273515,41.410981303399566,40.51150016784668,39.61201903229379
2024-03-07,41.54999923706055,9760300,64.55694470711794,0.0762161911484327,-0.0067230985992774404,0.08293928974771014,41.57863747370834,40.57600021362305,39.57336295353775
2024-03-08,41.869998931884766,9414500,66.7326369191187,0.1579040246171317,0.026202326044004395,0.1317016985731273,41.79403363291284,40.66500015258789,39.535966672262944
2024-03-11,42.68000030517578,10663800,70.98442762495586,0.28472048204611156,0.07790595724442584,0.20681452480168572,42.20599029006795,40.793500137329104,39.38100998459026
2024-03-12,43.04999923706055,13814500,71.71713214701083,0.4103490118397204,0.14439456816348475,0.26595444367623566,42.64731814234268,40.918500137329104,39.18968213231553
2024-03-13,43.349998474121094,7082400,71.08429225938868,0.5280311437017673,0.2211218832711413,0.306909260430626,43.08228949279595,41.07450008392334,39.06671067505073
2024-03-14,44.279998779296875,22465800,74.19350869205226,0.6884028537649485,0.31457807736990273,0.37382477639504574,43.705747817331726,41.26849994659424,38.83125207585675
2024-03-15,43.869998931884766,45226000,74.30767686833492,0.7734986176532033,0.4063621854265628,0.36713643222664044,44.09297489878631,41.453499984741214,38.81402507069612
2024-03-18,44.5099983215332,31335400,75.97119711773581,0.8824083712395705,0.5015714225891643,0.3808369486504062,44.56738050520674,41.66999988555908,38.772619265911416
2024-03-19,44.630001068115234,22602500,76.0744816550313,0.9672534585774315,0.5947078297868178,0.3725456287906137,44.98947037931929,41.888999938964844,38.788529498610394
2024-03-20,44.790000915527344,18195800,77.47875576054295,1.035468219008031,0.6828599076310604,0.3526083113769707,45.38590111425215,42.10499992370605,38.82409873315996
2024-03-21,44.95000076293945,21052500,78.52161102548291,1.0898761448482617,0.7642631550745007,0.32561298977376096,45.770153838832286,42.30749988555908,38.84484593228588
2024-03-22,42.97999954223633,23867300,70.28713566317137,0.9629321016772749,0.8039969443950556,0.1589351572822193,45.82888627899777,42.39999980926514,38.97111333953251
2024-03-25,43.2599983215332,19734300,70.54454791126487,0.8748370177501528,0.8181649590660751,0.05667205868407765,45.88059313292921,42.527499771118165,39.174406409307124
2024-03-26,43.119998931884766,10702000,62.444101317463584,0.7846789577469835,0.8114677588022569,-0.02678880105527337,45.91075146498513,42.638499641418456,39.36624781785178
2024-03-27,43.65999984741211,9001700,64.75524587452583,0.7481770868150761,0.7988096244048207,-0.05063253758974462,45.97826724761838,42.771999549865725,39.56573185211307
2024-03-28,43.619998931884766,9807500,62.73653057031644,0.7078615640563868,0.780620012335134,-0.07275844827874722,46.00981035481172,42.90749950408936,39.805188653367
2024-04-01,43.220001220703125,12174500,54.17957424193215,0.6362998805009852,0.7517559859683043,-0.1154561054673191,45.97570043331147,43.025499534606936,40.075298635902406
2024-04-02,42.93000030517578,10038500,49.05956965677895,0.5498477775536728,0.7113743442853779,-0.16152656673170518,45.69775605634415,43.185499572753905,40.67324308916366
2024-04-03,42.119998931884766,20090200,41.07402779246507,0.4112330827591535,0.6513460919801332,-0.24011300922097967,45.364012634995646,43.2944995880127,41.22498654102975
2024-04-04,41.529998779296875,13031400,29.007643368486768,0.25087987001844425,0.5712528475877955,-0.32037297756935124,45.35325865768127,43.298499488830565,41.24374031997986
2024-04-05,41.650001525878906,8514500,32.26840818196942,0.13196084984900835,0.48339444804003806,-0.3514335981910297,45.34075574456668,43.30349960327148,41.26624346197629
2024-04-08,41.959999084472656,9402200,28.499178200274685,0.06201599997617535,0.3991187584272656,-0.3371027584510902,45.33227982073698,43.30799961090088,41.28371940106478
2024-04-09,42.11000061035156,7686400,28.859066846136557,0.0184751025678338,0.32299002725537923,-0.30451492468754543,45.35637469487067,43.27949962615967,41.20262455744867
2024-04-10,41.68000030517578,9510300,25.040136961641196,-0.05015069726831456,0.24836188235064047,-0.29851257961895505,45.406717068051336,43.21099967956543,41.01528229107953
2024-04-11,41.43000030517578,10889100,22.151910576785525,-0.12328885158702718,0.17403173556310694,-0.2973205871501341,45.4486844111681,43.114999771118164,40.781315131068226
2024-04-12,41.04999923706055,10663900,29.59831992141568,-0.20949929870531747,0.09732552870942207,-0.30682482741473954,45.392406307425155,42.95349979400635,40.51459328058754
2024-04-15,40.95000076293945,10727600,24.615428469863062,-0.28263272616429447,0.021333877734678763,-0.30396660389897323,45.36224683535595,42.80749988555908,40.25275293576222
2024-04-16,40.75,10407400,24.295047104432413,-0.3526645865884177,-0.05346581512994053,-0.2991987714584772,45.19998961615577,42.61949996948242,40.03901032280907
2024-04-17,41.099998474121094,8787700,21.040721443508417,-0.37559377745704126,-0.11789140759536068,-0.2577023698616806,44.92551242903019,42.442999839782715,39.96048725053524
2024-04-18,41.29999923706055,17571300,24.67250254035416,-0.3733234954534481,-0.16897782516697818,-0.20434567028646994,44.53786819721327,42.268499755859374,39.999131314505476
2024-04-19,42.09000015258789,22323200,38.6317915166438,-0.30427036961992826,-0.1960363340575682,-0.10823403556236005,44.011464039077374,42.1254997253418,40.23953541160622
2024-04-22,42.56999969482422,10775700,46.51162446845632,-0.20841088738256275,-0.19851124472256715,-0.0098996426599956,43.96052331674978,42.104999732971194,40.24947614919261
2024-04-23,42.869998931884766,18917200,58.06451348269441,-0.1070006885150363,-0.180209133481061,0.07320844496602469,43.897604905428736,42.08549976348877,40.2733946215488
2024-04-24,42.91999816894531,12938200,66.90996573270021,-0.022340329311823837,-0.14863537264721355,0.1262950433353897,43.86564191374936,42.0754997253418,40.28535753693424
2024-04-25,43.540000915527344,14924200,70.49890606743655,0.09370251115092287,-0.10016779588758627,0.19387030703850916,43.837954121531865,42.069499778747556,40.301045435963246
2024-04-26,43.380001068115234,13794300,65.91929440120839,0.1707879110230408,-0.045976654505460866,0.21676456552850168,43.784424878826165,42.05749988555908,40.330574892292
2024-04-29,43.81999969482422,8627100,67.99999036287007,0.2643357596515017,0.016085828325931646,0.24824993132557005,43.917241148118094,42.08749980926514,40.257758470412185
2024-04-30,43.810001373291016,11816800,74.59586655777595,0.333818273415865,0.07963231734391833,0.25418595607194666,44.08470305916242,42.1314998626709,40.17829666617938
2024-05-01,43.81999969482422,7365000,79.2176226113818,0.3852495303801575,0.14075575995116618,0.24449377042899134,44.31048437943624,42.21649990081787,40.122515422199506
2024-05-02,43.97999954223633,9054900,87.85534886288363,0.43391788727816305,0.19938818541656556,0.2345297018615975,44.54741371802421,42.33899993896485,40.130586159905484
2024-05-03,43.59000015258789,11229000,81.73079215565447,0.43599237071885,0.24670902247702248,0.18928334824182752,44.68700138917928,42.43599987030029,40.18499835142131
2024-05-06,43.4900016784668,9035400,83.74391503171559,0.42467201797789045,0.28230162157719607,0.14237039640069438,44.79910101217166,42.5125,40.225898987828344
2024-05-07,43.849998474121094,12052100,83.78384964627284,0.4396809216891313,0.31377748159958313,0.12590344008954818,44.95304600506297,42.59949989318848,40.245953781313986
2024-05-08,44.290000915527344,9946700,84.6868447628379,0.48152933534500164,0.34732785234866687,0.13420148299633478,45.15716247473415,42.72999992370605,40.302837372677956
2024-05-09,44.709999084472656,8140900,83.2487933813883,0.542333167665376,0.38632891541200876,0.15600425225336723,45.39348565408919,42.893999862670896,40.3945140712526
2024-05-10,44.900001525878906,12160000,81.9178866750834,0.5989479527845134,0.4288527228865097,0.17009522989800369,45.58103578611848,43.086499977111814,40.59196416810515
2024-05-13,45.040000915527344,8229200,81.0889066446893,0.6476466906955665,0.4726115164483211,0.17503517424724535,45.71773698600981,43.29099998474121,40.864262983472614
2024-05-14,45.5,9436300,83.07699831761806,0.7151154671285909,0.521112306584375,0.19400316054421585,45.83491549454059,43.52849998474121,41.22208447494183
2024-05-15,45.849998474121094,9435100,81.818239139116,0.7877462617894437,0.5744390976253888,0.21330716416405493,45.99648187944521,43.765999984741214,41.535518090037215
2024-05-16,45.95000076293945,9131700,85.99447348512372,0.843650955725316,0.6282814692453742,0.2153694864799418,46.1130640471703,43.99850006103516,41.88393607490002
2024-05-17,46.08000183105469,9243500,84.66266785866407,0.8882071292771414,0.6802666012517277,0.20794052802541374,46.30729441919358,44.1980001449585,42.088705870723416
2024-05-20,45.900001525878906,8077000,80.46650570036468,0.8986347949885953,0.7239402399991012,0.17469455498949416,46.45836640214579,44.36450023651123,42.270634070876675
2024-05-21,46.33000183105469,8596500,82.5974432600713,0.9308657848336637,0.7653253489660137,0.16554043586765,46.6825750376877,44.53750038146973,42.392425725251755
2024-05-22,46.31999969482422,15142800,81.62161716324735,0.9447119365533325,0.8012026664834775,0.14350927006985503,46.85174023026277,44.70750045776367,42.563260685264574
2024-05-23,45.63999938964844,10349900,75.68920269036431,0.8905490745355991,0.8190719480939019,0.07147712644169713,46.92139779139851,44.812500381469725,42.70360297154094
2024-05-24,45.4900016784668,4726600,74.75246963822704,0.825999446996839,0.8204574478744894,0.00554199912234965,46.93423598471642,44.91800041198731,42.90176483925819
2024-05-28,45.47999954223633,7582600,72.08669789406325,0.7652153866674922,0.80940903563309,-0.04419364896559774,46.962856959302236,45.00100040435791,43.039143849413584
2024-05-29,45.150001525878906,6472200,62.011175565491286,0.6825475160257639,0.7840367317116248,-0.10148921568586089,46.94843306360937,45.068000411987306,43.18756776036524
2024-05-30,45.439998626708984,6580100,60.57970117105652,0.6331345938965995,0.7538563041486197,-0.12072171025202016,46.94054688848602,45.149000358581546,43.35745382867707
2024-05-31,46.25,13899900,66.58474908287923,0.6518210511360323,0.7334492535461022,-0.08162820241006996,47.0296734019051,45.26250038146973,43.495327361034356
2024-06-03,46.54999923706055,8197700,67.84868185511544,0.682964840805532,0.7233523709979882,-0.04038753019245622,47.08105611199669,45.41050033569336,43.739944559390025
2024-06-04,46.83000183105469,8681700,66.41976331940577,0.721918559972849,0.7230656087929603,-0.001147048820111296,47.1009993084978,45.577500343322754,44.05400137814771
2024-06-05,46.66999816894531,6859200,60.62173503129824,0.7314470385826937,0.724741894750907,0.006705143831786664,47.08244600433809,45.71850032806397,44.35455465178985
2024-06-06,46.689998626708984,9325300,59.78831493602824,0.7321722701518141,0.7262279698310884,0.005944300320725682,47.09102196543713,45.83850021362305,44.58597846180897
2024-06-07,46.70000076293945,6491300,58.46991346074674,0.7251945191984035,0.7260212797045515,-0.0008267605061480499,47.12764987647889,45.93800029754639,44.748350718613885
2024-06-10,46.4900016784668,7951000,57.99456845922674,0.6947112315795607,0.7197592700795534,-0.02504803849999271,47.12473708614763,46.01750030517578,44.91026352420393
2024-06-11,46.400001525878906,9600700,51.04476966102776,0.6557318774657119,0.7069537915567852,-0.05122191409107324,47.103413078047005,46.08550033569336,45.06758759333972
2024-06-12,45.869998931884766,9925800,44.1860465116279,0.5754403603061462,0.6806511053066574,-0.1052107450005112,47.09005893528148,46.1040002822876,45.11794162929372
2024-06-13,45.75,8828900,51.66163803535331,0.4964036117224495,0.6438016065898159,-0.14739799486736638,47.09147517231485,46.09900035858154,45.10652554484823
2024-06-14,44.31999969482422,10651600,37.254901960784316,0.31474911356766455,0.5779911079853857,-0.2632419944177211,47.28976120390326,46.01750030517578,44.7452394064483
2024-06-17,44.70000076293945,8284200,42.137119722881074,0.19915380433800323,0.5022236472559092,-0.30306984291790595,47.3496468107824,45.94850025177002,44.54735369275764
2024-06-18,44.79999923706055,16402600,46.30019283144467,0.11429520610404609,0.4246379590255366,-0.3103427529214905,47.38604002002352,45.8935001373291,44.400960254634676
2024-06-20,45.43000030517578,8957800,49.901397440170705,0.09676453535895746,0.3590632742922208,-0.26229873893326333,47.33989685671371,45.84850006103515,44.3571032653566
2024-06-21,45.7400016784668,28886700,44.42016325528943,0.10665640389403563,0.3085819002125838,-0.20192549631854817,47.29476256468493,45.81950016021729,44.344237755749646
2024-06-24,46.45000076293945,10236400,48.99600147072341,0.16982908935501229,0.2808313380410695,-0.11100224868605724,47.35879984624799,45.86000022888184,44.361200611515684
2024-06-25,46.41999816894531,10519800,45.66593330021356,0.21499461503168504,0.26766399343919267,-0.05266937840750763,47.414643246647806,45.906500053405765,44.39835686016372
2024-06-26,46.36000061035156,7405200,46.65229771415012,0.24314449953406836,0.2627600946581678,-0.01961559512409944,47.45759878055582,45.950500106811525,44.44340143306723
2024-06-27,45.459999084472656,8633300,38.838491707715576,0.19063338134435526,0.2483347519954053,-0.05770137065105005,47.44454007617793,45.96599998474121,44.48745989330449
